1500.000000
1500.000000
1500.000000
1500.000000
1500.000000
1500.000000
1500.000000
1500.000000
1500.000000
1500.000000
1500.000000
1500.000000
1500.000000
1500.000000
1500.000000
1500.000000
1500.000000
1500.000000
1500.000000
1500.000000
573.240418
573.240418
573.240418
573.240418
573.240418
573.240418
573.240418
573.240418
573.240418
573.240418
573.240418
573.240418
573.240418
573.240418
573.240418
573.240418
573.240418
573.240418
573.240418
573.240418
288.083624
288.083624
288.083624
288.083624
288.083624
288.083624
288.083624
288.083624
288.083624
288.083624
288.083624
288.083624
288.083624
288.083624
288.083624
288.083624
288.083624
288.083624
288.083624
288.083624
119.581882
119.581882
119.581882
119.581882
119.581882
119.581882
119.581882
119.581882
119.581882
119.581882
119.581882
119.581882
119.581882
119.581882
119.581882
119.581882
119.581882
119.581882
119.581882
119.581882
0.000000
0.000000
0.000000
0.000000
0.000000
0.000000
0.000000
0.000000
0.000000
0.000000
0.000000
0.000000
0.000000
0.000000
0.000000
0.000000
0.000000
0.000000
0.000000
0.000000
