1500.000000
1500.000000
1500.000000
1500.000000
1500.000000
1219.588668
1219.588668
1219.588668
1219.588668
1219.588668
1029.309551
1029.309551
1029.309551
1029.309551
1029.309551
885.314542
885.314542
885.314542
885.314542
885.314542
769.492471
769.492471
769.492471
769.492471
769.492471
672.623102
672.623102
672.623102
672.623102
672.623102
589.375988
589.375988
589.375988
589.375988
589.375988
516.392216
516.392216
516.392216
516.392216
516.392216
451.418859
451.418859
451.418859
451.418859
451.418859
392.871438
392.871438
392.871438
392.871438
392.871438
339.593285
339.593285
339.593285
339.593285
339.593285
290.714246
290.714246
290.714246
290.714246
290.714246
245.563269
245.563269
245.563269
245.563269
245.563269
203.611967
203.611967
203.611967
203.611967
203.611967
164.436854
164.436854
164.436854
164.436854
164.436854
127.693301
127.693301
127.693301
127.693301
127.693301
93.097097
93.097097
93.097097
93.097097
93.097097
60.411114
60.411114
60.411114
60.411114
60.411114
29.435444
29.435444
29.435444
29.435444
29.435444
0.000000
0.000000
0.000000
0.000000
0.000000
