10 200 30 30 500 18
1500 1500 1500 1500 1500 1500 1500 1500 1500 1500 1500 1500 1500 1500 1500 1500 1500 1500 1500 1500 1500 1500 1500 1500 1500 1500 1500 1500 1500 1500 29 26 19 15 4 2 14 25 5 4 3 26 29 20 29 11 19 23 39 32 33 6 39 14 36 18 15 1 22 8 
1500 1500 1500 1500 1500 1500 1500 1500 1500 1500 1500 1500 1500 1500 1500 1500 1500 1500 1500 1500 1500 1500 1500 1500 1500 1500 1500 1500 1500 1500 38 39 0 9 34 14 17 35 30 25 36 14 38 21 11 24 18 35 4 30 35 7 16 11 22 9 20 29 31 12 
1500 1500 1500 1500 1500 1500 1500 1500 1500 1500 1500 1500 1500 1500 1500 1500 1500 1500 1500 1500 1500 1500 1500 1500 1500 1500 1500 1500 1500 1500 31 0 25 18 24 13 24 10 32 1 20 11 18 14 4 37 6 9 7 37 25 39 3 22 22 6 8 29 30 36 
1500 1500 1500 1500 1500 1500 1500 1500 1500 1500 1500 1500 1500 1500 1500 1500 1500 1500 1500 1500 1500 1500 1500 1500 1500 1500 1500 1500 1500 1500 36 34 39 38 39 27 10 38 29 11 0 10 21 32 17 12 25 16 39 9 23 23 20 7 38 31 3 16 34 37 
1500 1500 1500 1500 1500 1500 1500 1500 1500 1500 1500 1500 1500 1500 1500 1500 1500 1500 1500 1500 1500 1500 1500 1500 1500 1500 1500 1500 1500 1500 33 23 15 26 4 5 18 28 28 8 28 7 25 36 6 27 31 34 6 24 14 18 12 23 27 1 23 22 5 14 
1500 1500 1500 1500 1500 1500 1500 1500 1500 1500 1500 1500 1500 1500 1500 1500 1500 1500 1500 1500 1500 1500 1500 1500 1500 1500 1500 1500 1500 1500 37 35 26 37 0 19 11 31 8 24 14 31 14 39 14 35 25 36 0 20 22 10 4 14 23 13 17 7 5 28 
1500 1500 1500 1500 1500 1500 1500 1500 1500 1500 1500 1500 1500 1500 1500 1500 1500 1500 1500 1500 1500 1500 1500 1500 1500 1500 1500 1500 1500 1500 37 37 37 9 11 29 21 22 16 37 34 37 6 19 35 4 24 4 33 21 10 12 26 27 28 2 7 7 29 24 
1500 1500 1500 1500 1500 1500 1500 1500 1500 1500 1500 1500 1500 1500 1500 1500 1500 1500 1500 1500 1500 1500 1500 1500 1500 1500 1500 1500 1500 1500 32 0 30 35 16 2 16 32 25 16 39 19 20 35 3 37 10 1 33 22 17 34 30 19 3 9 12 36 17 33 
1500 1500 1500 1500 1500 1500 1500 1500 1500 1500 1500 1500 1500 1500 1500 1500 1500 1500 1500 1500 1500 1500 1500 1500 1500 1500 1500 1500 1500 1500 23 14 29 33 18 39 24 32 3 4 13 24 6 1 26 5 20 5 39 12 27 2 18 38 31 8 38 35 0 33 
1500 1500 1500 1500 1500 1500 1500 1500 1500 1500 1500 1500 1500 1500 1500 1500 1500 1500 1500 1500 1500 1500 1500 1500 1500 1500 1500 1500 1500 1500 19 8 3 38 1 20 6 2 23 32 9 3 1 18 4 26 6 39 8 30 14 5 22 29 33 27 4 4 8 16 
1500 1500 1500 1500 1500 1500 1500 1500 1500 1500 1500 1500 1500 1500 1500 1500 1500 1500 1500 1500 1500 1500 1500 1500 1500 1500 1500 1500 1500 1500 38 9 6 35 1 33 17 11 7 6 21 23 17 21 9 39 34 5 16 26 16 15 13 26 14 26 9 33 25 33 
1500 1500 1500 1500 1500 1500 1500 1500 1500 1500 1500 1500 1500 1500 1500 1500 1500 1500 1500 1500 1500 1500 1500 1500 1500 1500 1500 1500 1500 1500 28 26 8 39 2 9 2 18 37 37 30 25 29 31 6 32 4 36 14 7 20 15 13 2 24 22 1 35 31 3 
1500 1500 1500 1500 1500 1500 1500 1500 1500 1500 1500 1500 1500 1500 1500 1500 1500 1500 1500 1500 1500 1500 1500 1500 1500 1500 1500 1500 1500 1500 7 37 29 23 9 34 25 0 7 11 21 15 14 20 14 8 10 19 33 2 32 24 6 7 11 1 24 28 9 19 
1500 1500 1500 1500 1500 1500 1500 1500 1500 1500 1500 1500 1500 1500 1500 1500 1500 1500 1500 1500 1500 1500 1500 1500 1500 1500 1500 1500 1500 1500 11 16 4 28 19 5 31 33 12 32 19 28 38 29 32 13 37 21 8 29 24 34 35 8 37 7 2 35 29 9 
1500 1500 1500 1500 1500 1500 1500 1500 1500 1500 1500 1500 1500 1500 1500 1500 1500 1500 1500 1500 1500 1500 1500 1500 1500 1500 1500 1500 1500 1500 29 25 23 36 0 28 36 8 34 0 30 2 0 20 28 27 18 32 35 27 15 35 24 26 2 22 21 27 25 17 
1500 1500 1500 1500 1500 1500 1500 1500 1500 1500 1500 1500 1500 1500 1500 1500 1500 1500 1500 1500 1500 1500 1500 1500 1500 1500 1500 1500 1500 1500 29 16 9 5 27 29 29 14 30 7 31 30 24 11 0 35 24 30 37 3 2 26 10 23 39 7 29 17 1 30 
1500 1500 1500 1500 1500 1500 1500 1500 1500 1500 1500 1500 1500 1500 1500 1500 1500 1500 1500 1500 1500 1500 1500 1500 1500 1500 1500 1500 1500 1500 37 17 11 31 36 5 21 8 11 34 15 20 5 28 28 12 19 8 30 29 29 31 25 25 8 39 31 10 35 18 
1500 1500 1500 1500 1500 1500 1500 1500 1500 1500 1500 1500 1500 1500 1500 1500 1500 1500 1500 1500 1500 1500 1500 1500 1500 1500 1500 1500 1500 1500 33 3 26 22 34 27 30 17 21 31 18 12 0 18 35 32 12 18 1 8 36 0 0 20 12 21 21 38 31 34 
