10 200 30 30 500 25
1500 1500 1500 1500 1500 1500 1500 1500 1500 1500 1500 1500 1500 1500 1500 1500 1500 1500 1500 1500 1500 1500 1500 1500 1500 1500 1500 1500 1500 1500 23 20 34 21 16 6 12 7 28 11 28 8 30 39 39 24 8 18 11 8 1 8 14 30 0 30 5 20 29 37 
1500 1500 1500 1500 1500 1500 1500 1500 1500 1500 1500 1500 1500 1500 1500 1500 1500 1500 1500 1500 1500 1500 1500 1500 1500 1500 1500 1500 1500 1500 28 39 22 38 5 13 10 26 5 21 24 17 35 23 19 3 2 20 31 38 12 19 17 31 2 27 10 0 4 13 
1500 1500 1500 1500 1500 1500 1500 1500 1500 1500 1500 1500 1500 1500 1500 1500 1500 1500 1500 1500 1500 1500 1500 1500 1500 1500 1500 1500 1500 1500 5 33 9 18 34 29 20 22 39 31 38 32 22 20 20 0 37 19 3 13 26 25 26 33 30 5 26 5 13 39 
1500 1500 1500 1500 1500 1500 1500 1500 1500 1500 1500 1500 1500 1500 1500 1500 1500 1500 1500 1500 1500 1500 1500 1500 1500 1500 1500 1500 1500 1500 31 30 18 26 13 10 4 18 21 12 24 36 18 13 8 10 9 19 22 29 0 5 0 14 10 39 27 37 34 34 
1500 1500 1500 1500 1500 1500 1500 1500 1500 1500 1500 1500 1500 1500 1500 1500 1500 1500 1500 1500 1500 1500 1500 1500 1500 1500 1500 1500 1500 1500 35 35 8 29 24 35 3 6 12 35 24 23 27 23 26 21 37 35 23 36 39 15 14 34 12 32 27 10 6 11 
1500 1500 1500 1500 1500 1500 1500 1500 1500 1500 1500 1500 1500 1500 1500 1500 1500 1500 1500 1500 1500 1500 1500 1500 1500 1500 1500 1500 1500 1500 15 26 13 2 25 7 18 26 2 2 35 5 25 4 24 14 23 8 33 18 20 16 2 9 13 28 37 29 25 21 
1500 1500 1500 1500 1500 1500 1500 1500 1500 1500 1500 1500 1500 1500 1500 1500 1500 1500 1500 1500 1500 1500 1500 1500 1500 1500 1500 1500 1500 1500 21 6 38 11 15 31 28 19 29 3 3 20 3 31 15 9 37 30 9 28 15 11 36 14 4 22 31 11 29 36 
1500 1500 1500 1500 1500 1500 1500 1500 1500 1500 1500 1500 1500 1500 1500 1500 1500 1500 1500 1500 1500 1500 1500 1500 1500 1500 1500 1500 1500 1500 18 17 8 16 37 6 5 10 9 17 5 23 7 23 32 9 38 20 35 37 38 20 21 15 29 30 11 6 2 26 
1500 1500 1500 1500 1500 1500 1500 1500 1500 1500 1500 1500 1500 1500 1500 1500 1500 1500 1500 1500 1500 1500 1500 1500 1500 1500 1500 1500 1500 1500 23 11 22 26 30 32 39 5 25 36 33 34 13 20 15 34 36 11 16 21 26 4 7 7 35 19 9 2 4 19 
1500 1500 1500 1500 1500 1500 1500 1500 1500 1500 1500 1500 1500 1500 1500 1500 1500 1500 1500 1500 1500 1500 1500 1500 1500 1500 1500 1500 1500 1500 14 30 16 30 32 34 11 10 15 17 8 33 24 22 4 0 26 26 11 38 1 18 32 25 5 37 8 20 20 18 
1500 1500 1500 1500 1500 1500 1500 1500 1500 1500 1500 1500 1500 1500 1500 1500 1500 1500 1500 1500 1500 1500 1500 1500 1500 1500 1500 1500 1500 1500 20 16 0 20 12 29 14 34 13 29 34 19 10 34 9 12 33 16 34 5 1 10 23 38 7 25 21 15 19 22 
1500 1500 1500 1500 1500 1500 1500 1500 1500 1500 1500 1500 1500 1500 1500 1500 1500 1500 1500 1500 1500 1500 1500 1500 1500 1500 1500 1500 1500 1500 30 12 12 9 21 9 3 37 29 39 22 6 24 12 13 10 18 26 2 32 18 7 9 10 1 33 29 14 5 18 
1500 1500 1500 1500 1500 1500 1500 1500 1500 1500 1500 1500 1500 1500 1500 1500 1500 1500 1500 1500 1500 1500 1500 1500 1500 1500 1500 1500 1500 1500 19 37 28 7 10 1 25 11 12 38 6 23 1 20 11 13 33 8 34 20 10 24 0 38 11 28 15 11 31 20 
1500 1500 1500 1500 1500 1500 1500 1500 1500 1500 1500 1500 1500 1500 1500 1500 1500 1500 1500 1500 1500 1500 1500 1500 1500 1500 1500 1500 1500 1500 10 37 27 6 39 32 3 6 30 31 3 34 26 27 20 8 36 3 28 27 29 0 25 30 30 38 6 38 28 8 
1500 1500 1500 1500 1500 1500 1500 1500 1500 1500 1500 1500 1500 1500 1500 1500 1500 1500 1500 1500 1500 1500 1500 1500 1500 1500 1500 1500 1500 1500 2 4 20 4 38 7 29 30 39 38 5 13 34 2 0 4 34 31 18 33 10 21 18 10 33 24 17 32 17 4 
1500 1500 1500 1500 1500 1500 1500 1500 1500 1500 1500 1500 1500 1500 1500 1500 1500 1500 1500 1500 1500 1500 1500 1500 1500 1500 1500 1500 1500 1500 7 4 37 4 11 19 10 11 18 20 14 33 7 35 13 21 5 32 16 22 38 34 8 7 14 6 3 35 18 30 
1500 1500 1500 1500 1500 1500 1500 1500 1500 1500 1500 1500 1500 1500 1500 1500 1500 1500 1500 1500 1500 1500 1500 1500 1500 1500 1500 1500 1500 1500 23 32 12 20 15 14 12 31 16 1 14 24 28 18 8 34 28 7 12 29 8 30 12 5 27 35 16 5 10 5 
1500 1500 1500 1500 1500 1500 1500 1500 1500 1500 1500 1500 1500 1500 1500 1500 1500 1500 1500 1500 1500 1500 1500 1500 1500 1500 1500 1500 1500 1500 7 36 11 30 26 9 34 13 5 0 17 9 39 33 0 22 37 8 39 5 15 38 9 34 17 29 15 8 28 28 
1500 1500 1500 1500 1500 1500 1500 1500 1500 1500 1500 1500 1500 1500 1500 1500 1500 1500 1500 1500 1500 1500 1500 1500 1500 1500 1500 1500 1500 1500 0 33 13 18 16 28 4 11 1 4 35 18 39 15 22 33 32 0 17 0 0 29 11 23 30 39 32 2 36 5 
1500 1500 1500 1500 1500 1500 1500 1500 1500 1500 1500 1500 1500 1500 1500 1500 1500 1500 1500 1500 1500 1500 1500 1500 1500 1500 1500 1500 1500 1500 17 11 0 1 36 7 15 20 0 20 0 1 28 4 32 22 32 35 19 21 32 12 5 21 8 3 34 33 11 10 
1500 1500 1500 1500 1500 1500 1500 1500 1500 1500 1500 1500 1500 1500 1500 1500 1500 1500 1500 1500 1500 1500 1500 1500 1500 1500 1500 1500 1500 1500 20 25 35 14 36 25 14 10 9 16 35 28 16 19 37 38 14 30 24 27 39 34 28 24 9 16 24 4 38 23 
1500 1500 1500 1500 1500 1500 1500 1500 1500 1500 1500 1500 1500 1500 1500 1500 1500 1500 1500 1500 1500 1500 1500 1500 1500 1500 1500 1500 1500 1500 1 30 19 34 21 35 7 36 33 16 30 2 21 10 31 28 28 21 19 27 36 3 33 1 2 36 28 22 32 22 
1500 1500 1500 1500 1500 1500 1500 1500 1500 1500 1500 1500 1500 1500 1500 1500 1500 1500 1500 1500 1500 1500 1500 1500 1500 1500 1500 1500 1500 1500 13 20 5 24 29 35 27 11 0 38 0 1 25 32 12 28 5 18 34 24 17 22 34 5 18 34 22 4 1 12 
1500 1500 1500 1500 1500 1500 1500 1500 1500 1500 1500 1500 1500 1500 1500 1500 1500 1500 1500 1500 1500 1500 1500 1500 1500 1500 1500 1500 1500 1500 20 39 24 13 3 18 26 9 26 0 25 39 1 23 7 1 6 18 8 29 31 5 2 19 10 4 13 10 21 0 
1500 1500 1500 1500 1500 1500 1500 1500 1500 1500 1500 1500 1500 1500 1500 1500 1500 1500 1500 1500 1500 1500 1500 1500 1500 1500 1500 1500 1500 1500 8 19 14 27 10 18 36 10 16 11 35 30 7 38 32 22 7 37 32 35 19 1 10 30 11 25 31 29 10 20 
