10 200 30 30 500 32
1500 1500 1500 1500 1500 1500 1500 1500 1500 1500 1500 1500 1500 1500 1500 1500 1500 1500 1500 1500 1500 1500 1500 1500 1500 1500 1500 1500 1500 1500 0 11 29 23 24 28 14 36 23 38 27 16 23 23 35 4 2 4 14 18 13 32 27 35 31 9 25 9 20 8 
1500 1500 1500 1500 1500 1500 1500 1500 1500 1500 1500 1500 1500 1500 1500 1500 1500 1500 1500 1500 1500 1500 1500 1500 1500 1500 1500 1500 1500 1500 30 4 27 12 37 36 26 36 15 19 22 11 32 3 2 37 0 29 39 19 32 35 36 39 19 3 20 7 37 33 
1500 1500 1500 1500 1500 1500 1500 1500 1500 1500 1500 1500 1500 1500 1500 1500 1500 1500 1500 1500 1500 1500 1500 1500 1500 1500 1500 1500 1500 1500 31 39 38 23 21 33 26 25 21 16 29 37 12 25 39 28 15 3 33 4 13 19 23 33 15 7 22 37 15 22 
1500 1500 1500 1500 1500 1500 1500 1500 1500 1500 1500 1500 1500 1500 1500 1500 1500 1500 1500 1500 1500 1500 1500 1500 1500 1500 1500 1500 1500 1500 16 31 19 11 25 11 14 2 24 3 39 38 34 20 33 10 21 23 18 10 15 24 5 12 0 4 39 29 28 17 
1500 1500 1500 1500 1500 1500 1500 1500 1500 1500 1500 1500 1500 1500 1500 1500 1500 1500 1500 1500 1500 1500 1500 1500 1500 1500 1500 1500 1500 1500 34 19 34 6 22 18 30 21 4 14 35 16 16 21 7 36 39 14 27 31 21 36 15 36 30 39 14 0 25 21 
1500 1500 1500 1500 1500 1500 1500 1500 1500 1500 1500 1500 1500 1500 1500 1500 1500 1500 1500 1500 1500 1500 1500 1500 1500 1500 1500 1500 1500 1500 38 39 8 21 18 38 13 36 39 13 14 5 35 24 29 18 7 38 26 18 9 28 11 8 32 14 26 14 0 33 
1500 1500 1500 1500 1500 1500 1500 1500 1500 1500 1500 1500 1500 1500 1500 1500 1500 1500 1500 1500 1500 1500 1500 1500 1500 1500 1500 1500 1500 1500 11 24 6 12 19 34 19 16 32 4 17 38 30 3 11 9 39 4 5 11 32 2 37 7 16 12 20 28 18 37 
1500 1500 1500 1500 1500 1500 1500 1500 1500 1500 1500 1500 1500 1500 1500 1500 1500 1500 1500 1500 1500 1500 1500 1500 1500 1500 1500 1500 1500 1500 32 9 20 1 32 31 22 31 39 3 25 4 30 9 39 18 31 1 5 1 9 31 1 36 9 37 6 33 39 38 
1500 1500 1500 1500 1500 1500 1500 1500 1500 1500 1500 1500 1500 1500 1500 1500 1500 1500 1500 1500 1500 1500 1500 1500 1500 1500 1500 1500 1500 1500 0 2 10 13 30 33 11 32 27 29 11 3 5 33 9 7 26 28 35 31 32 11 11 31 24 8 4 14 15 3 
1500 1500 1500 1500 1500 1500 1500 1500 1500 1500 1500 1500 1500 1500 1500 1500 1500 1500 1500 1500 1500 1500 1500 1500 1500 1500 1500 1500 1500 1500 21 18 15 9 11 13 4 22 29 25 19 0 0 22 24 13 3 17 28 18 3 24 9 20 10 39 24 29 22 28 
1500 1500 1500 1500 1500 1500 1500 1500 1500 1500 1500 1500 1500 1500 1500 1500 1500 1500 1500 1500 1500 1500 1500 1500 1500 1500 1500 1500 1500 1500 24 22 5 32 36 18 29 16 11 2 24 26 9 2 9 39 17 13 28 34 12 0 32 6 36 19 15 33 9 8 
1500 1500 1500 1500 1500 1500 1500 1500 1500 1500 1500 1500 1500 1500 1500 1500 1500 1500 1500 1500 1500 1500 1500 1500 1500 1500 1500 1500 1500 1500 6 15 14 11 0 38 19 14 9 19 0 1 2 4 31 22 22 23 23 11 2 21 26 9 23 32 18 32 16 3 
1500 1500 1500 1500 1500 1500 1500 1500 1500 1500 1500 1500 1500 1500 1500 1500 1500 1500 1500 1500 1500 1500 1500 1500 1500 1500 1500 1500 1500 1500 34 7 8 23 22 33 12 15 38 20 30 19 23 8 38 32 0 27 29 1 12 2 35 13 31 10 6 5 22 17 
1500 1500 1500 1500 1500 1500 1500 1500 1500 1500 1500 1500 1500 1500 1500 1500 1500 1500 1500 1500 1500 1500 1500 1500 1500 1500 1500 1500 1500 1500 26 24 1 3 36 36 24 12 20 9 9 10 13 38 29 28 5 11 23 30 32 39 1 18 8 25 22 10 4 13 
1500 1500 1500 1500 1500 1500 1500 1500 1500 1500 1500 1500 1500 1500 1500 1500 1500 1500 1500 1500 1500 1500 1500 1500 1500 1500 1500 1500 1500 1500 12 11 19 35 6 12 31 39 37 28 33 37 11 2 32 5 33 22 33 34 31 27 12 9 13 34 13 8 11 26 
1500 1500 1500 1500 1500 1500 1500 1500 1500 1500 1500 1500 1500 1500 1500 1500 1500 1500 1500 1500 1500 1500 1500 1500 1500 1500 1500 1500 1500 1500 29 10 13 11 19 22 31 19 11 10 30 38 39 30 39 9 33 34 18 4 5 3 4 14 6 4 23 12 6 33 
1500 1500 1500 1500 1500 1500 1500 1500 1500 1500 1500 1500 1500 1500 1500 1500 1500 1500 1500 1500 1500 1500 1500 1500 1500 1500 1500 1500 1500 1500 1 4 35 11 10 21 22 6 19 24 6 30 24 17 30 4 14 28 27 24 17 11 35 28 28 4 9 8 3 34 
1500 1500 1500 1500 1500 1500 1500 1500 1500 1500 1500 1500 1500 1500 1500 1500 1500 1500 1500 1500 1500 1500 1500 1500 1500 1500 1500 1500 1500 1500 24 35 25 35 39 2 16 10 18 36 8 10 32 13 32 12 32 5 27 5 1 34 7 25 16 2 27 19 24 7 
1500 1500 1500 1500 1500 1500 1500 1500 1500 1500 1500 1500 1500 1500 1500 1500 1500 1500 1500 1500 1500 1500 1500 1500 1500 1500 1500 1500 1500 1500 25 14 27 18 18 22 33 20 11 6 22 8 35 14 37 24 6 24 17 33 33 31 1 16 29 36 1 32 38 30 
1500 1500 1500 1500 1500 1500 1500 1500 1500 1500 1500 1500 1500 1500 1500 1500 1500 1500 1500 1500 1500 1500 1500 1500 1500 1500 1500 1500 1500 1500 0 37 3 6 26 8 8 34 14 28 22 2 24 13 37 4 18 4 39 3 12 2 17 35 37 2 37 23 6 32 
1500 1500 1500 1500 1500 1500 1500 1500 1500 1500 1500 1500 1500 1500 1500 1500 1500 1500 1500 1500 1500 1500 1500 1500 1500 1500 1500 1500 1500 1500 6 9 26 34 21 35 14 18 18 18 39 37 25 12 3 7 17 6 20 29 3 25 22 5 8 37 29 16 17 3 
1500 1500 1500 1500 1500 1500 1500 1500 1500 1500 1500 1500 1500 1500 1500 1500 1500 1500 1500 1500 1500 1500 1500 1500 1500 1500 1500 1500 1500 1500 23 23 0 31 16 16 6 33 38 28 35 20 26 3 12 23 22 24 14 33 8 18 33 2 10 28 36 9 9 37 
1500 1500 1500 1500 1500 1500 1500 1500 1500 1500 1500 1500 1500 1500 1500 1500 1500 1500 1500 1500 1500 1500 1500 1500 1500 1500 1500 1500 1500 1500 15 16 7 18 36 30 0 35 30 16 22 19 4 39 15 9 14 26 0 25 33 12 20 7 34 30 28 11 11 36 
1500 1500 1500 1500 1500 1500 1500 1500 1500 1500 1500 1500 1500 1500 1500 1500 1500 1500 1500 1500 1500 1500 1500 1500 1500 1500 1500 1500 1500 1500 12 38 9 19 26 2 16 22 23 17 35 34 19 27 23 33 25 36 10 31 20 23 38 10 32 9 0 29 2 7 
1500 1500 1500 1500 1500 1500 1500 1500 1500 1500 1500 1500 1500 1500 1500 1500 1500 1500 1500 1500 1500 1500 1500 1500 1500 1500 1500 1500 1500 1500 3 22 1 25 16 2 20 10 12 22 21 1 4 6 21 31 17 31 28 6 0 35 1 34 16 6 18 7 20 19 
1500 1500 1500 1500 1500 1500 1500 1500 1500 1500 1500 1500 1500 1500 1500 1500 1500 1500 1500 1500 1500 1500 1500 1500 1500 1500 1500 1500 1500 1500 39 18 35 27 38 7 33 19 38 4 8 3 29 33 34 35 12 38 6 6 9 38 19 4 9 15 39 13 27 2 
1500 1500 1500 1500 1500 1500 1500 1500 1500 1500 1500 1500 1500 1500 1500 1500 1500 1500 1500 1500 1500 1500 1500 1500 1500 1500 1500 1500 1500 1500 9 30 28 35 31 26 7 21 23 7 22 28 37 25 17 29 22 0 21 27 21 19 4 29 1 21 23 18 16 13 
1500 1500 1500 1500 1500 1500 1500 1500 1500 1500 1500 1500 1500 1500 1500 1500 1500 1500 1500 1500 1500 1500 1500 1500 1500 1500 1500 1500 1500 1500 37 27 1 35 38 18 33 31 4 14 36 2 12 14 1 33 7 18 36 32 33 15 28 22 8 24 5 20 1 27 
1500 1500 1500 1500 1500 1500 1500 1500 1500 1500 1500 1500 1500 1500 1500 1500 1500 1500 1500 1500 1500 1500 1500 1500 1500 1500 1500 1500 1500 1500 24 16 32 28 31 9 18 15 22 11 39 27 18 19 39 4 19 35 11 32 15 37 36 10 29 0 24 17 11 21 
1500 1500 1500 1500 1500 1500 1500 1500 1500 1500 1500 1500 1500 1500 1500 1500 1500 1500 1500 1500 1500 1500 1500 1500 1500 1500 1500 1500 1500 1500 8 34 15 5 23 11 16 32 28 35 23 26 35 17 20 10 26 1 3 39 30 24 18 11 10 5 3 15 10 16 
1500 1500 1500 1500 1500 1500 1500 1500 1500 1500 1500 1500 1500 1500 1500 1500 1500 1500 1500 1500 1500 1500 1500 1500 1500 1500 1500 1500 1500 1500 39 19 3 10 28 2 36 2 33 15 20 28 0 23 15 37 19 9 30 31 17 9 9 17 34 21 9 34 16 34 
1500 1500 1500 1500 1500 1500 1500 1500 1500 1500 1500 1500 1500 1500 1500 1500 1500 1500 1500 1500 1500 1500 1500 1500 1500 1500 1500 1500 1500 1500 31 34 38 1 26 18 22 25 12 15 35 9 2 24 31 37 19 26 35 25 20 31 4 38 24 33 36 30 36 31 
