10 200 30 30 500 15
1500 1500 1500 1500 1500 1500 1500 1500 1500 1500 1500 1500 1500 1500 1500 1500 1500 1500 1500 1500 1500 1500 1500 1500 1500 1500 1500 1500 1500 1500 17 2 3 24 38 17 14 16 33 16 8 27 1 33 29 37 13 9 24 29 0 10 0 4 35 29 24 32 4 38 
1500 1500 1500 1500 1500 1500 1500 1500 1500 1500 1500 1500 1500 1500 1500 1500 1500 1500 1500 1500 1500 1500 1500 1500 1500 1500 1500 1500 1500 1500 6 28 6 11 4 19 33 23 13 14 30 25 21 36 29 11 33 10 35 18 30 34 18 0 37 10 10 38 17 22 
1500 1500 1500 1500 1500 1500 1500 1500 1500 1500 1500 1500 1500 1500 1500 1500 1500 1500 1500 1500 1500 1500 1500 1500 1500 1500 1500 1500 1500 1500 11 30 23 29 20 24 5 33 5 25 23 35 39 38 7 38 31 32 28 8 23 18 34 17 17 12 36 15 27 21 
1500 1500 1500 1500 1500 1500 1500 1500 1500 1500 1500 1500 1500 1500 1500 1500 1500 1500 1500 1500 1500 1500 1500 1500 1500 1500 1500 1500 1500 1500 13 33 20 33 11 14 3 21 9 26 19 4 10 8 35 2 19 24 20 20 3 0 28 21 3 21 12 39 19 36 
1500 1500 1500 1500 1500 1500 1500 1500 1500 1500 1500 1500 1500 1500 1500 1500 1500 1500 1500 1500 1500 1500 1500 1500 1500 1500 1500 1500 1500 1500 21 36 25 36 11 29 29 39 13 3 31 34 27 37 9 29 25 7 32 28 12 19 13 28 23 13 31 3 19 16 
1500 1500 1500 1500 1500 1500 1500 1500 1500 1500 1500 1500 1500 1500 1500 1500 1500 1500 1500 1500 1500 1500 1500 1500 1500 1500 1500 1500 1500 1500 10 22 6 26 15 6 16 0 18 21 38 11 34 6 35 16 1 12 8 31 13 30 31 2 33 26 39 5 17 12 
1500 1500 1500 1500 1500 1500 1500 1500 1500 1500 1500 1500 1500 1500 1500 1500 1500 1500 1500 1500 1500 1500 1500 1500 1500 1500 1500 1500 1500 1500 18 8 29 9 14 15 31 21 29 15 39 15 10 17 20 38 23 5 15 19 36 35 13 20 31 30 30 13 10 20 
1500 1500 1500 1500 1500 1500 1500 1500 1500 1500 1500 1500 1500 1500 1500 1500 1500 1500 1500 1500 1500 1500 1500 1500 1500 1500 1500 1500 1500 1500 2 39 14 5 2 20 24 33 35 10 34 30 14 15 6 33 11 37 35 32 4 16 6 21 25 12 15 35 24 23 
1500 1500 1500 1500 1500 1500 1500 1500 1500 1500 1500 1500 1500 1500 1500 1500 1500 1500 1500 1500 1500 1500 1500 1500 1500 1500 1500 1500 1500 1500 37 6 6 29 13 37 3 31 3 11 15 16 5 15 22 34 25 7 0 10 7 10 15 11 9 16 2 14 31 35 
1500 1500 1500 1500 1500 1500 1500 1500 1500 1500 1500 1500 1500 1500 1500 1500 1500 1500 1500 1500 1500 1500 1500 1500 1500 1500 1500 1500 1500 1500 4 22 1 5 29 19 31 30 38 9 17 21 10 33 1 36 14 25 8 5 4 0 33 3 10 36 26 25 18 19 
1500 1500 1500 1500 1500 1500 1500 1500 1500 1500 1500 1500 1500 1500 1500 1500 1500 1500 1500 1500 1500 1500 1500 1500 1500 1500 1500 1500 1500 1500 25 11 18 31 38 14 31 3 33 22 15 11 39 39 3 29 0 6 31 9 29 5 17 8 30 14 39 7 22 30 
1500 1500 1500 1500 1500 1500 1500 1500 1500 1500 1500 1500 1500 1500 1500 1500 1500 1500 1500 1500 1500 1500 1500 1500 1500 1500 1500 1500 1500 1500 4 33 16 14 4 24 32 35 4 27 0 13 11 35 39 29 28 35 18 33 32 38 28 24 37 1 37 9 8 24 
1500 1500 1500 1500 1500 1500 1500 1500 1500 1500 1500 1500 1500 1500 1500 1500 1500 1500 1500 1500 1500 1500 1500 1500 1500 1500 1500 1500 1500 1500 31 23 22 35 18 0 38 9 7 24 9 2 19 12 13 29 5 1 23 25 31 26 11 24 35 2 0 6 27 13 
1500 1500 1500 1500 1500 1500 1500 1500 1500 1500 1500 1500 1500 1500 1500 1500 1500 1500 1500 1500 1500 1500 1500 1500 1500 1500 1500 1500 1500 1500 32 32 32 0 28 15 33 38 4 22 9 5 19 14 18 38 23 24 5 33 38 10 37 20 12 21 13 38 27 8 
1500 1500 1500 1500 1500 1500 1500 1500 1500 1500 1500 1500 1500 1500 1500 1500 1500 1500 1500 1500 1500 1500 1500 1500 1500 1500 1500 1500 1500 1500 1 8 21 12 9 17 16 6 32 14 22 34 10 21 26 24 20 38 9 16 33 12 31 0 19 20 7 21 32 31 
