10 200 30 30 500 47
1500 1500 1500 1500 1500 1500 1500 1500 1500 1500 1500 1500 1500 1500 1500 1500 1500 1500 1500 1500 1500 1500 1500 1500 1500 1500 1500 1500 1500 1500 17 5 17 10 33 9 22 18 13 5 6 32 25 26 31 2 38 18 38 31 24 19 1 17 4 18 36 0 34 4 
1500 1500 1500 1500 1500 1500 1500 1500 1500 1500 1500 1500 1500 1500 1500 1500 1500 1500 1500 1500 1500 1500 1500 1500 1500 1500 1500 1500 1500 1500 38 25 9 28 35 12 16 35 38 26 28 32 25 24 0 11 19 22 31 36 32 15 0 35 2 20 5 11 34 34 
1500 1500 1500 1500 1500 1500 1500 1500 1500 1500 1500 1500 1500 1500 1500 1500 1500 1500 1500 1500 1500 1500 1500 1500 1500 1500 1500 1500 1500 1500 31 39 12 34 32 28 35 25 21 9 2 7 39 3 35 39 36 37 18 16 12 36 10 5 20 32 6 7 8 6 
1500 1500 1500 1500 1500 1500 1500 1500 1500 1500 1500 1500 1500 1500 1500 1500 1500 1500 1500 1500 1500 1500 1500 1500 1500 1500 1500 1500 1500 1500 23 27 12 37 37 27 20 18 22 35 5 6 1 7 1 18 18 25 32 24 9 8 19 11 13 27 3 19 14 20 
1500 1500 1500 1500 1500 1500 1500 1500 1500 1500 1500 1500 1500 1500 1500 1500 1500 1500 1500 1500 1500 1500 1500 1500 1500 1500 1500 1500 1500 1500 37 32 1 33 31 21 11 29 10 38 29 36 36 2 6 12 35 15 2 38 0 10 31 5 7 37 36 8 37 1 
1500 1500 1500 1500 1500 1500 1500 1500 1500 1500 1500 1500 1500 1500 1500 1500 1500 1500 1500 1500 1500 1500 1500 1500 1500 1500 1500 1500 1500 1500 18 39 11 13 12 19 11 20 39 26 29 37 22 20 13 7 4 21 33 7 36 7 28 16 11 19 30 10 15 36 
1500 1500 1500 1500 1500 1500 1500 1500 1500 1500 1500 1500 1500 1500 1500 1500 1500 1500 1500 1500 1500 1500 1500 1500 1500 1500 1500 1500 1500 1500 9 0 7 8 31 27 24 35 25 28 21 3 4 30 7 19 9 17 18 37 7 31 23 19 29 24 13 28 19 32 
1500 1500 1500 1500 1500 1500 1500 1500 1500 1500 1500 1500 1500 1500 1500 1500 1500 1500 1500 1500 1500 1500 1500 1500 1500 1500 1500 1500 1500 1500 16 23 26 2 9 1 3 29 14 17 27 13 26 11 15 14 3 33 15 31 7 4 8 30 18 24 10 23 25 9 
1500 1500 1500 1500 1500 1500 1500 1500 1500 1500 1500 1500 1500 1500 1500 1500 1500 1500 1500 1500 1500 1500 1500 1500 1500 1500 1500 1500 1500 1500 33 17 0 8 4 32 3 3 33 31 28 4 38 9 1 28 17 5 30 16 14 1 13 24 32 16 5 13 10 24 
1500 1500 1500 1500 1500 1500 1500 1500 1500 1500 1500 1500 1500 1500 1500 1500 1500 1500 1500 1500 1500 1500 1500 1500 1500 1500 1500 1500 1500 1500 23 22 6 18 8 14 4 21 19 11 12 4 0 36 3 18 8 7 2 13 35 8 28 27 21 4 11 18 11 0 
1500 1500 1500 1500 1500 1500 1500 1500 1500 1500 1500 1500 1500 1500 1500 1500 1500 1500 1500 1500 1500 1500 1500 1500 1500 1500 1500 1500 1500 1500 4 29 38 13 39 38 23 20 31 12 35 0 5 13 24 13 7 32 26 27 34 14 8 11 3 37 3 31 39 33 
1500 1500 1500 1500 1500 1500 1500 1500 1500 1500 1500 1500 1500 1500 1500 1500 1500 1500 1500 1500 1500 1500 1500 1500 1500 1500 1500 1500 1500 1500 8 10 2 25 14 38 18 14 15 36 1 4 27 13 3 5 22 36 32 15 5 30 10 7 23 7 5 16 27 7 
1500 1500 1500 1500 1500 1500 1500 1500 1500 1500 1500 1500 1500 1500 1500 1500 1500 1500 1500 1500 1500 1500 1500 1500 1500 1500 1500 1500 1500 1500 15 20 28 12 4 23 7 2 36 25 20 5 37 2 27 9 3 27 39 13 6 7 0 31 28 22 1 9 21 33 
1500 1500 1500 1500 1500 1500 1500 1500 1500 1500 1500 1500 1500 1500 1500 1500 1500 1500 1500 1500 1500 1500 1500 1500 1500 1500 1500 1500 1500 1500 14 21 27 12 17 34 25 35 24 25 6 5 26 3 21 3 2 8 3 5 36 16 31 37 34 15 7 12 0 32 
1500 1500 1500 1500 1500 1500 1500 1500 1500 1500 1500 1500 1500 1500 1500 1500 1500 1500 1500 1500 1500 1500 1500 1500 1500 1500 1500 1500 1500 1500 11 15 9 5 27 18 9 21 31 6 31 12 35 31 34 20 19 13 11 7 33 39 13 30 2 30 23 20 2 36 
1500 1500 1500 1500 1500 1500 1500 1500 1500 1500 1500 1500 1500 1500 1500 1500 1500 1500 1500 1500 1500 1500 1500 1500 1500 1500 1500 1500 1500 1500 34 25 23 24 29 36 7 0 8 18 17 28 32 3 32 26 18 23 37 39 7 9 16 23 9 24 25 13 37 23 
1500 1500 1500 1500 1500 1500 1500 1500 1500 1500 1500 1500 1500 1500 1500 1500 1500 1500 1500 1500 1500 1500 1500 1500 1500 1500 1500 1500 1500 1500 10 0 14 26 18 27 39 27 36 12 22 3 16 13 13 9 11 4 11 3 5 35 4 21 28 25 2 37 18 26 
1500 1500 1500 1500 1500 1500 1500 1500 1500 1500 1500 1500 1500 1500 1500 1500 1500 1500 1500 1500 1500 1500 1500 1500 1500 1500 1500 1500 1500 1500 11 3 18 25 2 32 1 14 30 26 27 16 1 33 26 33 31 25 1 13 10 18 33 32 2 28 25 19 28 37 
1500 1500 1500 1500 1500 1500 1500 1500 1500 1500 1500 1500 1500 1500 1500 1500 1500 1500 1500 1500 1500 1500 1500 1500 1500 1500 1500 1500 1500 1500 30 21 34 6 31 29 36 22 6 13 22 8 26 15 11 36 5 19 9 16 28 22 1 3 39 11 19 0 2 31 
1500 1500 1500 1500 1500 1500 1500 1500 1500 1500 1500 1500 1500 1500 1500 1500 1500 1500 1500 1500 1500 1500 1500 1500 1500 1500 1500 1500 1500 1500 6 28 18 7 20 0 16 16 28 8 28 4 9 26 3 27 39 14 33 16 29 2 34 23 29 14 16 21 15 15 
1500 1500 1500 1500 1500 1500 1500 1500 1500 1500 1500 1500 1500 1500 1500 1500 1500 1500 1500 1500 1500 1500 1500 1500 1500 1500 1500 1500 1500 1500 18 26 19 5 16 17 3 1 5 38 22 8 8 39 10 27 13 20 35 38 37 35 2 5 26 33 17 24 28 4 
1500 1500 1500 1500 1500 1500 1500 1500 1500 1500 1500 1500 1500 1500 1500 1500 1500 1500 1500 1500 1500 1500 1500 1500 1500 1500 1500 1500 1500 1500 8 11 16 23 1 13 6 0 9 33 34 29 27 22 10 25 33 7 36 23 22 29 14 21 6 24 26 35 36 33 
1500 1500 1500 1500 1500 1500 1500 1500 1500 1500 1500 1500 1500 1500 1500 1500 1500 1500 1500 1500 1500 1500 1500 1500 1500 1500 1500 1500 1500 1500 26 21 38 19 8 7 33 12 22 14 8 12 3 10 38 0 19 2 1 39 30 0 14 12 4 4 1 38 21 21 
1500 1500 1500 1500 1500 1500 1500 1500 1500 1500 1500 1500 1500 1500 1500 1500 1500 1500 1500 1500 1500 1500 1500 1500 1500 1500 1500 1500 1500 1500 28 30 34 15 8 27 30 16 23 31 4 28 1 20 7 26 14 3 22 9 11 18 33 1 29 35 24 24 20 20 
1500 1500 1500 1500 1500 1500 1500 1500 1500 1500 1500 1500 1500 1500 1500 1500 1500 1500 1500 1500 1500 1500 1500 1500 1500 1500 1500 1500 1500 1500 23 9 32 23 21 35 11 17 37 35 10 10 29 7 1 26 8 12 36 5 13 13 36 11 25 35 16 35 9 27 
1500 1500 1500 1500 1500 1500 1500 1500 1500 1500 1500 1500 1500 1500 1500 1500 1500 1500 1500 1500 1500 1500 1500 1500 1500 1500 1500 1500 1500 1500 34 24 21 34 24 19 18 16 26 19 13 26 26 15 2 34 32 17 22 22 7 31 14 17 15 11 37 2 35 9 
1500 1500 1500 1500 1500 1500 1500 1500 1500 1500 1500 1500 1500 1500 1500 1500 1500 1500 1500 1500 1500 1500 1500 1500 1500 1500 1500 1500 1500 1500 39 8 28 9 32 24 31 22 0 36 34 37 21 21 28 31 11 17 29 21 16 20 29 20 19 10 33 8 23 35 
1500 1500 1500 1500 1500 1500 1500 1500 1500 1500 1500 1500 1500 1500 1500 1500 1500 1500 1500 1500 1500 1500 1500 1500 1500 1500 1500 1500 1500 1500 18 15 22 7 36 19 30 26 5 35 39 15 30 11 6 6 38 35 24 26 26 5 3 36 31 38 9 10 18 17 
1500 1500 1500 1500 1500 1500 1500 1500 1500 1500 1500 1500 1500 1500 1500 1500 1500 1500 1500 1500 1500 1500 1500 1500 1500 1500 1500 1500 1500 1500 36 20 6 36 34 19 24 33 15 8 6 31 15 4 2 34 34 29 9 13 9 11 37 11 8 13 34 4 39 20 
1500 1500 1500 1500 1500 1500 1500 1500 1500 1500 1500 1500 1500 1500 1500 1500 1500 1500 1500 1500 1500 1500 1500 1500 1500 1500 1500 1500 1500 1500 24 37 24 0 15 6 2 35 28 4 30 8 25 26 10 27 2 28 26 16 14 37 1 12 2 37 14 13 24 15 
1500 1500 1500 1500 1500 1500 1500 1500 1500 1500 1500 1500 1500 1500 1500 1500 1500 1500 1500 1500 1500 1500 1500 1500 1500 1500 1500 1500 1500 1500 11 18 38 2 6 11 12 32 8 39 35 36 36 15 38 37 33 35 33 7 38 20 25 7 0 31 21 31 2 38 
1500 1500 1500 1500 1500 1500 1500 1500 1500 1500 1500 1500 1500 1500 1500 1500 1500 1500 1500 1500 1500 1500 1500 1500 1500 1500 1500 1500 1500 1500 9 0 13 35 36 25 36 39 8 32 34 22 12 30 7 9 28 11 22 19 14 36 29 28 27 28 29 29 24 34 
1500 1500 1500 1500 1500 1500 1500 1500 1500 1500 1500 1500 1500 1500 1500 1500 1500 1500 1500 1500 1500 1500 1500 1500 1500 1500 1500 1500 1500 1500 22 28 26 1 21 28 7 18 39 17 2 27 8 31 32 36 0 30 21 26 5 29 11 3 37 0 12 22 2 28 
1500 1500 1500 1500 1500 1500 1500 1500 1500 1500 1500 1500 1500 1500 1500 1500 1500 1500 1500 1500 1500 1500 1500 1500 1500 1500 1500 1500 1500 1500 26 31 34 0 25 25 38 25 18 6 16 3 16 2 23 0 13 9 29 18 12 10 38 8 2 35 13 37 32 0 
1500 1500 1500 1500 1500 1500 1500 1500 1500 1500 1500 1500 1500 1500 1500 1500 1500 1500 1500 1500 1500 1500 1500 1500 1500 1500 1500 1500 1500 1500 5 24 21 22 8 34 19 38 7 12 16 32 29 1 17 20 32 11 16 19 26 11 13 19 14 12 35 23 36 37 
1500 1500 1500 1500 1500 1500 1500 1500 1500 1500 1500 1500 1500 1500 1500 1500 1500 1500 1500 1500 1500 1500 1500 1500 1500 1500 1500 1500 1500 1500 29 12 0 26 10 32 37 37 39 13 29 7 19 4 19 19 25 14 1 6 33 13 16 28 37 12 23 7 6 25 
1500 1500 1500 1500 1500 1500 1500 1500 1500 1500 1500 1500 1500 1500 1500 1500 1500 1500 1500 1500 1500 1500 1500 1500 1500 1500 1500 1500 1500 1500 29 33 34 32 38 12 11 22 1 2 26 22 10 38 29 26 0 0 17 29 6 6 39 31 11 3 7 5 36 8 
1500 1500 1500 1500 1500 1500 1500 1500 1500 1500 1500 1500 1500 1500 1500 1500 1500 1500 1500 1500 1500 1500 1500 1500 1500 1500 1500 1500 1500 1500 14 8 8 29 4 9 27 1 3 4 7 7 14 10 9 37 27 37 4 4 10 6 6 16 1 2 22 34 0 14 
1500 1500 1500 1500 1500 1500 1500 1500 1500 1500 1500 1500 1500 1500 1500 1500 1500 1500 1500 1500 1500 1500 1500 1500 1500 1500 1500 1500 1500 1500 33 5 27 12 39 11 32 12 35 5 6 24 23 36 23 27 15 3 0 11 36 19 7 17 18 7 0 6 0 25 
1500 1500 1500 1500 1500 1500 1500 1500 1500 1500 1500 1500 1500 1500 1500 1500 1500 1500 1500 1500 1500 1500 1500 1500 1500 1500 1500 1500 1500 1500 21 32 3 37 7 23 10 8 10 18 9 38 4 4 20 21 35 11 27 14 3 34 0 5 11 14 27 1 5 21 
1500 1500 1500 1500 1500 1500 1500 1500 1500 1500 1500 1500 1500 1500 1500 1500 1500 1500 1500 1500 1500 1500 1500 1500 1500 1500 1500 1500 1500 1500 19 9 36 12 5 27 38 6 21 3 16 28 33 15 22 4 38 21 2 21 25 29 24 14 35 32 34 33 25 10 
1500 1500 1500 1500 1500 1500 1500 1500 1500 1500 1500 1500 1500 1500 1500 1500 1500 1500 1500 1500 1500 1500 1500 1500 1500 1500 1500 1500 1500 1500 20 1 4 3 1 16 33 6 5 12 33 36 11 1 24 37 25 16 37 2 34 32 26 13 16 23 32 26 19 24 
1500 1500 1500 1500 1500 1500 1500 1500 1500 1500 1500 1500 1500 1500 1500 1500 1500 1500 1500 1500 1500 1500 1500 1500 1500 1500 1500 1500 1500 1500 27 35 9 26 38 16 30 9 13 20 3 28 35 20 33 26 13 1 32 7 29 26 17 25 19 31 7 23 37 23 
1500 1500 1500 1500 1500 1500 1500 1500 1500 1500 1500 1500 1500 1500 1500 1500 1500 1500 1500 1500 1500 1500 1500 1500 1500 1500 1500 1500 1500 1500 19 20 31 20 12 22 35 20 22 25 22 33 38 13 30 25 31 17 7 5 18 33 2 29 14 25 7 32 12 34 
1500 1500 1500 1500 1500 1500 1500 1500 1500 1500 1500 1500 1500 1500 1500 1500 1500 1500 1500 1500 1500 1500 1500 1500 1500 1500 1500 1500 1500 1500 35 13 32 19 13 3 32 24 34 7 21 38 16 25 9 8 15 30 6 31 37 20 20 16 9 38 27 29 26 32 
1500 1500 1500 1500 1500 1500 1500 1500 1500 1500 1500 1500 1500 1500 1500 1500 1500 1500 1500 1500 1500 1500 1500 1500 1500 1500 1500 1500 1500 1500 9 8 1 9 36 27 3 18 36 13 25 17 24 36 39 30 2 27 7 14 16 3 25 18 2 7 1 26 29 16 
1500 1500 1500 1500 1500 1500 1500 1500 1500 1500 1500 1500 1500 1500 1500 1500 1500 1500 1500 1500 1500 1500 1500 1500 1500 1500 1500 1500 1500 1500 20 25 28 7 17 20 1 36 1 18 39 32 21 6 19 17 3 9 1 35 17 33 21 33 0 13 23 7 15 17 
