10 200 30 30 500 13
1500 1500 1500 1500 1500 1500 1500 1500 1500 1500 1500 1500 1500 1500 1500 1500 1500 1500 1500 1500 1500 1500 1500 1500 1500 1500 1500 1500 1500 1500 8 8 19 14 10 4 35 4 38 20 3 1 38 39 8 11 21 21 17 17 36 8 28 34 16 14 9 24 2 30 
1500 1500 1500 1500 1500 1500 1500 1500 1500 1500 1500 1500 1500 1500 1500 1500 1500 1500 1500 1500 1500 1500 1500 1500 1500 1500 1500 1500 1500 1500 2 28 15 32 17 36 29 5 14 18 16 15 13 13 15 28 27 13 20 6 13 12 25 12 18 1 3 32 26 19 
1500 1500 1500 1500 1500 1500 1500 1500 1500 1500 1500 1500 1500 1500 1500 1500 1500 1500 1500 1500 1500 1500 1500 1500 1500 1500 1500 1500 1500 1500 30 2 2 13 30 12 22 36 11 37 14 37 19 18 0 25 28 24 39 0 30 8 18 18 16 37 28 32 9 37 
1500 1500 1500 1500 1500 1500 1500 1500 1500 1500 1500 1500 1500 1500 1500 1500 1500 1500 1500 1500 1500 1500 1500 1500 1500 1500 1500 1500 1500 1500 10 23 26 8 25 36 22 32 38 22 4 3 15 6 16 35 14 39 1 39 29 24 23 25 27 29 22 8 9 13 
1500 1500 1500 1500 1500 1500 1500 1500 1500 1500 1500 1500 1500 1500 1500 1500 1500 1500 1500 1500 1500 1500 1500 1500 1500 1500 1500 1500 1500 1500 4 29 32 3 25 20 20 2 30 9 22 14 22 24 29 38 29 4 15 27 11 8 30 1 1 8 23 39 26 4 
1500 1500 1500 1500 1500 1500 1500 1500 1500 1500 1500 1500 1500 1500 1500 1500 1500 1500 1500 1500 1500 1500 1500 1500 1500 1500 1500 1500 1500 1500 24 26 26 0 26 28 12 7 7 12 36 37 1 13 24 15 20 28 35 27 12 36 29 26 27 8 25 36 19 27 
1500 1500 1500 1500 1500 1500 1500 1500 1500 1500 1500 1500 1500 1500 1500 1500 1500 1500 1500 1500 1500 1500 1500 1500 1500 1500 1500 1500 1500 1500 17 9 22 10 10 21 20 20 2 13 2 2 14 24 18 20 34 38 19 8 38 32 34 21 27 36 33 1 35 21 
1500 1500 1500 1500 1500 1500 1500 1500 1500 1500 1500 1500 1500 1500 1500 1500 1500 1500 1500 1500 1500 1500 1500 1500 1500 1500 1500 1500 1500 1500 4 13 4 34 9 26 30 20 21 24 32 29 16 0 30 25 18 28 16 10 7 34 21 19 26 5 14 3 7 2 
1500 1500 1500 1500 1500 1500 1500 1500 1500 1500 1500 1500 1500 1500 1500 1500 1500 1500 1500 1500 1500 1500 1500 1500 1500 1500 1500 1500 1500 1500 22 9 20 18 23 11 20 16 23 39 22 11 31 39 13 15 23 7 17 3 2 22 17 28 9 16 13 9 25 22 
1500 1500 1500 1500 1500 1500 1500 1500 1500 1500 1500 1500 1500 1500 1500 1500 1500 1500 1500 1500 1500 1500 1500 1500 1500 1500 1500 1500 1500 1500 31 28 26 12 20 33 5 21 1 19 18 7 16 24 15 27 8 32 34 9 6 22 36 33 12 7 5 38 26 8 
1500 1500 1500 1500 1500 1500 1500 1500 1500 1500 1500 1500 1500 1500 1500 1500 1500 1500 1500 1500 1500 1500 1500 1500 1500 1500 1500 1500 1500 1500 29 8 18 30 38 27 38 38 24 26 38 5 37 12 23 39 22 15 15 16 39 27 4 34 39 6 36 38 6 16 
1500 1500 1500 1500 1500 1500 1500 1500 1500 1500 1500 1500 1500 1500 1500 1500 1500 1500 1500 1500 1500 1500 1500 1500 1500 1500 1500 1500 1500 1500 13 9 24 26 22 21 12 11 10 7 39 27 9 9 1 18 9 15 11 4 26 18 20 21 5 4 32 21 15 19 
1500 1500 1500 1500 1500 1500 1500 1500 1500 1500 1500 1500 1500 1500 1500 1500 1500 1500 1500 1500 1500 1500 1500 1500 1500 1500 1500 1500 1500 1500 2 25 38 1 37 34 32 28 33 8 30 34 38 37 21 7 38 25 28 37 13 6 37 14 31 36 32 37 28 4 
