10 200 30 30 500 19
1500 1500 1500 1500 1500 1500 1500 1500 1500 1500 1500 1500 1500 1500 1500 1500 1500 1500 1500 1500 1500 1500 1500 1500 1500 1500 1500 1500 1500 1500 6 1 13 11 7 25 6 9 6 16 3 21 31 32 32 15 39 34 36 12 21 30 33 2 13 28 7 10 20 39 
1500 1500 1500 1500 1500 1500 1500 1500 1500 1500 1500 1500 1500 1500 1500 1500 1500 1500 1500 1500 1500 1500 1500 1500 1500 1500 1500 1500 1500 1500 27 27 36 18 17 9 3 22 14 18 30 26 31 1 0 32 11 6 19 24 8 5 39 4 33 1 17 26 29 39 
1500 1500 1500 1500 1500 1500 1500 1500 1500 1500 1500 1500 1500 1500 1500 1500 1500 1500 1500 1500 1500 1500 1500 1500 1500 1500 1500 1500 1500 1500 39 13 34 1 35 13 32 24 13 19 27 10 37 13 31 20 31 5 29 6 5 1 39 8 11 38 38 2 4 5 
1500 1500 1500 1500 1500 1500 1500 1500 1500 1500 1500 1500 1500 1500 1500 1500 1500 1500 1500 1500 1500 1500 1500 1500 1500 1500 1500 1500 1500 1500 19 17 37 9 0 29 9 26 29 2 22 5 21 37 20 13 10 27 0 9 4 37 17 13 4 11 12 28 33 28 
1500 1500 1500 1500 1500 1500 1500 1500 1500 1500 1500 1500 1500 1500 1500 1500 1500 1500 1500 1500 1500 1500 1500 1500 1500 1500 1500 1500 1500 1500 37 11 5 22 36 1 36 34 36 7 33 26 27 11 38 33 17 31 37 38 13 10 16 33 25 39 3 1 31 24 
1500 1500 1500 1500 1500 1500 1500 1500 1500 1500 1500 1500 1500 1500 1500 1500 1500 1500 1500 1500 1500 1500 1500 1500 1500 1500 1500 1500 1500 1500 25 4 24 32 14 2 23 32 8 0 24 0 7 32 21 16 10 3 2 16 5 33 33 23 2 7 27 3 4 6 
1500 1500 1500 1500 1500 1500 1500 1500 1500 1500 1500 1500 1500 1500 1500 1500 1500 1500 1500 1500 1500 1500 1500 1500 1500 1500 1500 1500 1500 1500 26 26 24 18 12 21 15 4 38 1 33 22 22 17 35 21 33 34 6 23 17 29 15 26 9 4 37 37 31 5 
1500 1500 1500 1500 1500 1500 1500 1500 1500 1500 1500 1500 1500 1500 1500 1500 1500 1500 1500 1500 1500 1500 1500 1500 1500 1500 1500 1500 1500 1500 3 37 22 19 30 38 7 30 16 1 7 9 32 6 5 11 8 28 2 17 13 18 0 12 34 19 34 19 27 13 
1500 1500 1500 1500 1500 1500 1500 1500 1500 1500 1500 1500 1500 1500 1500 1500 1500 1500 1500 1500 1500 1500 1500 1500 1500 1500 1500 1500 1500 1500 19 36 36 5 16 11 19 8 16 35 9 13 31 33 28 12 31 28 15 38 32 27 33 25 12 5 6 29 20 12 
1500 1500 1500 1500 1500 1500 1500 1500 1500 1500 1500 1500 1500 1500 1500 1500 1500 1500 1500 1500 1500 1500 1500 1500 1500 1500 1500 1500 1500 1500 10 18 22 13 21 0 20 27 29 38 23 15 9 18 5 1 25 24 35 28 5 29 25 0 26 14 9 36 24 2 
1500 1500 1500 1500 1500 1500 1500 1500 1500 1500 1500 1500 1500 1500 1500 1500 1500 1500 1500 1500 1500 1500 1500 1500 1500 1500 1500 1500 1500 1500 35 28 14 11 38 2 32 35 37 26 37 19 15 2 17 10 23 0 4 30 17 31 16 3 8 32 32 31 19 26 
1500 1500 1500 1500 1500 1500 1500 1500 1500 1500 1500 1500 1500 1500 1500 1500 1500 1500 1500 1500 1500 1500 1500 1500 1500 1500 1500 1500 1500 1500 22 1 7 7 24 6 29 2 5 16 35 19 37 38 13 38 1 27 11 30 17 28 18 5 8 20 18 17 12 36 
1500 1500 1500 1500 1500 1500 1500 1500 1500 1500 1500 1500 1500 1500 1500 1500 1500 1500 1500 1500 1500 1500 1500 1500 1500 1500 1500 1500 1500 1500 28 3 36 8 39 25 19 23 22 35 1 33 2 16 18 25 29 35 19 5 16 34 14 14 27 36 31 8 4 11 
1500 1500 1500 1500 1500 1500 1500 1500 1500 1500 1500 1500 1500 1500 1500 1500 1500 1500 1500 1500 1500 1500 1500 1500 1500 1500 1500 1500 1500 1500 9 0 25 15 30 14 18 37 4 27 16 30 28 34 5 38 24 31 8 21 5 33 4 6 38 12 19 6 1 22 
1500 1500 1500 1500 1500 1500 1500 1500 1500 1500 1500 1500 1500 1500 1500 1500 1500 1500 1500 1500 1500 1500 1500 1500 1500 1500 1500 1500 1500 1500 6 1 37 0 32 0 8 4 26 12 12 7 14 38 32 7 1 16 3 12 17 10 17 1 5 35 16 5 20 6 
1500 1500 1500 1500 1500 1500 1500 1500 1500 1500 1500 1500 1500 1500 1500 1500 1500 1500 1500 1500 1500 1500 1500 1500 1500 1500 1500 1500 1500 1500 23 2 32 39 5 11 19 37 9 19 25 13 29 19 1 31 9 23 38 20 13 30 25 33 27 5 15 34 33 27 
1500 1500 1500 1500 1500 1500 1500 1500 1500 1500 1500 1500 1500 1500 1500 1500 1500 1500 1500 1500 1500 1500 1500 1500 1500 1500 1500 1500 1500 1500 32 8 30 35 29 26 26 1 14 30 28 17 35 2 27 31 3 4 7 20 35 29 35 28 14 7 5 39 30 19 
1500 1500 1500 1500 1500 1500 1500 1500 1500 1500 1500 1500 1500 1500 1500 1500 1500 1500 1500 1500 1500 1500 1500 1500 1500 1500 1500 1500 1500 1500 13 19 19 0 11 12 20 35 11 0 23 17 21 18 1 2 19 4 39 23 32 32 17 33 28 36 2 9 8 22 
1500 1500 1500 1500 1500 1500 1500 1500 1500 1500 1500 1500 1500 1500 1500 1500 1500 1500 1500 1500 1500 1500 1500 1500 1500 1500 1500 1500 1500 1500 27 7 30 15 21 28 11 13 27 11 35 22 25 0 12 30 18 34 24 12 12 24 1 28 25 36 5 27 27 9 
