10 200 30 30 500 12
1500 1500 1500 1500 1500 1500 1500 1500 1500 1500 1500 1500 1500 1500 1500 1500 1500 1500 1500 1500 1500 1500 1500 1500 1500 1500 1500 1500 1500 1500 13 17 29 21 30 0 5 33 38 1 30 10 25 25 10 9 2 37 10 20 7 21 19 4 3 5 10 11 3 32 
1500 1500 1500 1500 1500 1500 1500 1500 1500 1500 1500 1500 1500 1500 1500 1500 1500 1500 1500 1500 1500 1500 1500 1500 1500 1500 1500 1500 1500 1500 21 27 32 36 10 5 24 32 30 13 15 29 28 21 30 13 26 30 30 32 38 28 4 6 0 25 21 21 5 24 
1500 1500 1500 1500 1500 1500 1500 1500 1500 1500 1500 1500 1500 1500 1500 1500 1500 1500 1500 1500 1500 1500 1500 1500 1500 1500 1500 1500 1500 1500 38 8 24 34 8 15 11 14 14 37 7 13 15 1 27 38 22 0 36 19 2 38 0 4 11 20 15 32 14 25 
1500 1500 1500 1500 1500 1500 1500 1500 1500 1500 1500 1500 1500 1500 1500 1500 1500 1500 1500 1500 1500 1500 1500 1500 1500 1500 1500 1500 1500 1500 2 11 21 32 23 29 8 30 12 37 16 18 29 13 38 9 25 30 4 36 31 31 25 34 27 25 8 36 7 14 
1500 1500 1500 1500 1500 1500 1500 1500 1500 1500 1500 1500 1500 1500 1500 1500 1500 1500 1500 1500 1500 1500 1500 1500 1500 1500 1500 1500 1500 1500 18 8 27 5 20 29 37 26 6 30 8 24 8 25 0 27 33 19 3 19 3 3 27 31 30 11 23 2 10 16 
1500 1500 1500 1500 1500 1500 1500 1500 1500 1500 1500 1500 1500 1500 1500 1500 1500 1500 1500 1500 1500 1500 1500 1500 1500 1500 1500 1500 1500 1500 17 8 22 13 30 24 5 21 28 30 36 21 17 36 19 23 36 31 0 38 24 19 30 14 33 12 14 29 0 11 
1500 1500 1500 1500 1500 1500 1500 1500 1500 1500 1500 1500 1500 1500 1500 1500 1500 1500 1500 1500 1500 1500 1500 1500 1500 1500 1500 1500 1500 1500 15 24 7 4 35 26 16 30 0 30 27 9 11 28 29 3 5 9 38 33 1 35 23 32 38 32 28 5 16 18 
1500 1500 1500 1500 1500 1500 1500 1500 1500 1500 1500 1500 1500 1500 1500 1500 1500 1500 1500 1500 1500 1500 1500 1500 1500 1500 1500 1500 1500 1500 13 28 21 8 36 38 1 14 2 2 30 4 27 13 17 31 31 20 28 37 34 13 20 32 0 11 34 25 9 28 
1500 1500 1500 1500 1500 1500 1500 1500 1500 1500 1500 1500 1500 1500 1500 1500 1500 1500 1500 1500 1500 1500 1500 1500 1500 1500 1500 1500 1500 1500 6 21 16 36 4 9 10 10 18 31 11 39 11 1 7 25 5 24 20 34 17 34 17 27 23 4 31 26 26 27 
1500 1500 1500 1500 1500 1500 1500 1500 1500 1500 1500 1500 1500 1500 1500 1500 1500 1500 1500 1500 1500 1500 1500 1500 1500 1500 1500 1500 1500 1500 29 11 25 28 2 8 23 28 16 16 34 33 34 10 39 15 2 20 24 37 17 1 5 18 28 17 22 3 36 0 
1500 1500 1500 1500 1500 1500 1500 1500 1500 1500 1500 1500 1500 1500 1500 1500 1500 1500 1500 1500 1500 1500 1500 1500 1500 1500 1500 1500 1500 1500 20 26 25 12 6 4 29 19 38 5 13 26 19 38 7 8 4 0 14 12 33 20 12 13 38 34 35 1 1 38 
1500 1500 1500 1500 1500 1500 1500 1500 1500 1500 1500 1500 1500 1500 1500 1500 1500 1500 1500 1500 1500 1500 1500 1500 1500 1500 1500 1500 1500 1500 4 22 36 29 8 16 36 29 9 31 17 10 28 31 19 37 0 1 20 29 34 8 32 39 26 12 26 5 8 23 
