10 200 30 30 500 46
1500 1500 1500 1500 1500 1500 1500 1500 1500 1500 1500 1500 1500 1500 1500 1500 1500 1500 1500 1500 1500 1500 1500 1500 1500 1500 1500 1500 1500 1500 16 34 19 0 17 4 27 25 36 14 11 1 28 29 21 24 11 34 18 24 18 33 12 3 23 35 24 2 11 4 
1500 1500 1500 1500 1500 1500 1500 1500 1500 1500 1500 1500 1500 1500 1500 1500 1500 1500 1500 1500 1500 1500 1500 1500 1500 1500 1500 1500 1500 1500 32 16 18 16 0 21 38 39 4 17 12 2 16 25 36 30 8 20 29 10 23 28 28 2 1 39 22 13 9 20 
1500 1500 1500 1500 1500 1500 1500 1500 1500 1500 1500 1500 1500 1500 1500 1500 1500 1500 1500 1500 1500 1500 1500 1500 1500 1500 1500 1500 1500 1500 1 32 15 28 30 12 31 5 34 26 25 11 32 3 18 24 21 12 32 24 8 30 39 22 36 13 36 30 18 10 
1500 1500 1500 1500 1500 1500 1500 1500 1500 1500 1500 1500 1500 1500 1500 1500 1500 1500 1500 1500 1500 1500 1500 1500 1500 1500 1500 1500 1500 1500 33 36 27 10 15 27 5 11 11 32 29 29 35 26 18 4 24 5 13 16 6 0 33 9 32 38 29 36 16 10 
1500 1500 1500 1500 1500 1500 1500 1500 1500 1500 1500 1500 1500 1500 1500 1500 1500 1500 1500 1500 1500 1500 1500 1500 1500 1500 1500 1500 1500 1500 16 15 10 36 18 4 34 0 0 0 22 1 21 35 28 12 20 36 16 11 25 38 20 20 7 36 21 0 21 39 
1500 1500 1500 1500 1500 1500 1500 1500 1500 1500 1500 1500 1500 1500 1500 1500 1500 1500 1500 1500 1500 1500 1500 1500 1500 1500 1500 1500 1500 1500 11 7 29 22 39 31 8 34 22 0 23 21 1 33 15 35 22 19 32 26 25 31 9 14 5 21 35 21 15 23 
1500 1500 1500 1500 1500 1500 1500 1500 1500 1500 1500 1500 1500 1500 1500 1500 1500 1500 1500 1500 1500 1500 1500 1500 1500 1500 1500 1500 1500 1500 34 10 0 6 26 34 4 2 10 35 12 30 21 29 18 16 35 18 39 19 17 15 24 11 37 6 31 6 36 27 
1500 1500 1500 1500 1500 1500 1500 1500 1500 1500 1500 1500 1500 1500 1500 1500 1500 1500 1500 1500 1500 1500 1500 1500 1500 1500 1500 1500 1500 1500 14 9 19 24 34 5 28 16 24 27 18 17 23 30 2 3 9 1 18 37 12 16 28 29 12 16 36 31 28 39 
1500 1500 1500 1500 1500 1500 1500 1500 1500 1500 1500 1500 1500 1500 1500 1500 1500 1500 1500 1500 1500 1500 1500 1500 1500 1500 1500 1500 1500 1500 36 7 5 1 31 20 29 26 35 27 21 20 7 35 26 27 12 20 7 38 10 13 3 1 30 38 23 38 12 19 
1500 1500 1500 1500 1500 1500 1500 1500 1500 1500 1500 1500 1500 1500 1500 1500 1500 1500 1500 1500 1500 1500 1500 1500 1500 1500 1500 1500 1500 1500 10 26 0 35 29 14 8 16 33 19 25 21 1 6 27 38 35 32 18 26 10 30 29 13 8 33 34 9 22 9 
1500 1500 1500 1500 1500 1500 1500 1500 1500 1500 1500 1500 1500 1500 1500 1500 1500 1500 1500 1500 1500 1500 1500 1500 1500 1500 1500 1500 1500 1500 35 5 28 28 11 0 35 24 33 23 13 25 18 30 38 15 26 38 12 34 6 28 22 22 35 36 6 22 9 29 
1500 1500 1500 1500 1500 1500 1500 1500 1500 1500 1500 1500 1500 1500 1500 1500 1500 1500 1500 1500 1500 1500 1500 1500 1500 1500 1500 1500 1500 1500 25 38 16 18 22 25 27 2 33 1 25 1 5 13 0 19 4 23 10 11 18 8 12 17 14 16 13 0 22 2 
1500 1500 1500 1500 1500 1500 1500 1500 1500 1500 1500 1500 1500 1500 1500 1500 1500 1500 1500 1500 1500 1500 1500 1500 1500 1500 1500 1500 1500 1500 16 21 27 39 10 35 23 21 1 29 2 38 32 35 26 21 36 26 1 15 19 14 15 38 35 5 39 39 33 18 
1500 1500 1500 1500 1500 1500 1500 1500 1500 1500 1500 1500 1500 1500 1500 1500 1500 1500 1500 1500 1500 1500 1500 1500 1500 1500 1500 1500 1500 1500 3 19 3 5 28 8 26 1 22 36 4 10 20 24 6 29 19 23 24 37 32 10 39 3 23 31 7 21 19 2 
1500 1500 1500 1500 1500 1500 1500 1500 1500 1500 1500 1500 1500 1500 1500 1500 1500 1500 1500 1500 1500 1500 1500 1500 1500 1500 1500 1500 1500 1500 4 15 14 32 26 27 32 2 29 20 15 15 5 38 15 24 32 26 6 4 21 26 9 39 13 7 26 28 24 32 
1500 1500 1500 1500 1500 1500 1500 1500 1500 1500 1500 1500 1500 1500 1500 1500 1500 1500 1500 1500 1500 1500 1500 1500 1500 1500 1500 1500 1500 1500 15 33 10 37 38 22 9 32 39 34 27 20 27 1 39 5 13 4 34 7 30 6 31 16 23 5 12 9 31 36 
1500 1500 1500 1500 1500 1500 1500 1500 1500 1500 1500 1500 1500 1500 1500 1500 1500 1500 1500 1500 1500 1500 1500 1500 1500 1500 1500 1500 1500 1500 2 39 16 11 27 11 23 35 3 24 39 36 26 17 34 36 36 2 29 38 16 5 2 33 33 34 1 12 28 38 
1500 1500 1500 1500 1500 1500 1500 1500 1500 1500 1500 1500 1500 1500 1500 1500 1500 1500 1500 1500 1500 1500 1500 1500 1500 1500 1500 1500 1500 1500 5 13 20 2 4 38 4 36 6 8 31 33 23 16 21 19 19 2 23 31 11 22 17 38 3 9 13 19 36 8 
1500 1500 1500 1500 1500 1500 1500 1500 1500 1500 1500 1500 1500 1500 1500 1500 1500 1500 1500 1500 1500 1500 1500 1500 1500 1500 1500 1500 1500 1500 37 30 17 23 19 24 36 35 11 4 7 7 13 11 1 22 2 17 6 14 27 3 6 20 13 22 34 21 16 12 
1500 1500 1500 1500 1500 1500 1500 1500 1500 1500 1500 1500 1500 1500 1500 1500 1500 1500 1500 1500 1500 1500 1500 1500 1500 1500 1500 1500 1500 1500 10 20 25 13 6 34 31 38 3 5 27 39 12 29 28 29 9 26 29 36 6 34 26 9 14 5 21 0 13 21 
1500 1500 1500 1500 1500 1500 1500 1500 1500 1500 1500 1500 1500 1500 1500 1500 1500 1500 1500 1500 1500 1500 1500 1500 1500 1500 1500 1500 1500 1500 23 29 9 9 13 16 37 36 9 13 28 20 28 33 21 1 29 39 34 24 32 22 15 20 6 36 31 36 36 0 
1500 1500 1500 1500 1500 1500 1500 1500 1500 1500 1500 1500 1500 1500 1500 1500 1500 1500 1500 1500 1500 1500 1500 1500 1500 1500 1500 1500 1500 1500 25 23 23 33 13 0 31 6 33 15 28 35 25 30 37 13 17 24 18 17 34 13 19 6 14 25 36 34 4 17 
1500 1500 1500 1500 1500 1500 1500 1500 1500 1500 1500 1500 1500 1500 1500 1500 1500 1500 1500 1500 1500 1500 1500 1500 1500 1500 1500 1500 1500 1500 31 25 34 34 9 36 30 10 25 26 25 25 34 34 36 35 2 38 29 21 14 37 10 37 11 21 36 3 25 7 
1500 1500 1500 1500 1500 1500 1500 1500 1500 1500 1500 1500 1500 1500 1500 1500 1500 1500 1500 1500 1500 1500 1500 1500 1500 1500 1500 1500 1500 1500 14 17 28 9 13 34 7 10 16 21 1 21 25 4 12 39 29 8 3 31 39 34 28 22 4 15 38 30 35 22 
1500 1500 1500 1500 1500 1500 1500 1500 1500 1500 1500 1500 1500 1500 1500 1500 1500 1500 1500 1500 1500 1500 1500 1500 1500 1500 1500 1500 1500 1500 13 5 39 10 31 18 31 13 11 7 6 34 27 4 35 34 0 25 8 32 27 27 21 30 34 0 36 24 33 23 
1500 1500 1500 1500 1500 1500 1500 1500 1500 1500 1500 1500 1500 1500 1500 1500 1500 1500 1500 1500 1500 1500 1500 1500 1500 1500 1500 1500 1500 1500 36 18 29 26 5 9 33 6 4 39 4 0 9 15 3 33 23 9 36 26 16 0 5 36 9 24 37 36 25 27 
1500 1500 1500 1500 1500 1500 1500 1500 1500 1500 1500 1500 1500 1500 1500 1500 1500 1500 1500 1500 1500 1500 1500 1500 1500 1500 1500 1500 1500 1500 34 21 23 25 16 19 32 32 29 35 10 8 33 20 28 24 2 39 4 5 28 23 17 32 9 30 18 25 11 2 
1500 1500 1500 1500 1500 1500 1500 1500 1500 1500 1500 1500 1500 1500 1500 1500 1500 1500 1500 1500 1500 1500 1500 1500 1500 1500 1500 1500 1500 1500 14 30 3 9 39 30 29 28 19 22 17 18 29 33 4 8 17 19 33 7 20 26 19 21 22 39 32 8 8 24 
1500 1500 1500 1500 1500 1500 1500 1500 1500 1500 1500 1500 1500 1500 1500 1500 1500 1500 1500 1500 1500 1500 1500 1500 1500 1500 1500 1500 1500 1500 15 7 30 14 12 26 37 24 27 23 27 5 23 35 13 27 12 22 36 38 35 0 39 27 36 32 13 22 19 29 
1500 1500 1500 1500 1500 1500 1500 1500 1500 1500 1500 1500 1500 1500 1500 1500 1500 1500 1500 1500 1500 1500 1500 1500 1500 1500 1500 1500 1500 1500 34 29 30 3 1 0 9 12 16 6 38 7 6 9 12 37 15 6 6 16 31 38 15 14 33 12 26 32 7 12 
1500 1500 1500 1500 1500 1500 1500 1500 1500 1500 1500 1500 1500 1500 1500 1500 1500 1500 1500 1500 1500 1500 1500 1500 1500 1500 1500 1500 1500 1500 22 27 5 18 4 6 13 24 7 18 36 36 4 2 5 17 6 5 0 30 33 6 0 30 32 39 2 10 37 28 
1500 1500 1500 1500 1500 1500 1500 1500 1500 1500 1500 1500 1500 1500 1500 1500 1500 1500 1500 1500 1500 1500 1500 1500 1500 1500 1500 1500 1500 1500 21 36 22 5 14 17 14 15 23 20 2 25 18 2 15 17 32 29 3 2 26 13 19 33 16 30 20 2 17 32 
1500 1500 1500 1500 1500 1500 1500 1500 1500 1500 1500 1500 1500 1500 1500 1500 1500 1500 1500 1500 1500 1500 1500 1500 1500 1500 1500 1500 1500 1500 4 38 16 33 35 30 5 5 34 8 23 35 26 22 6 9 26 13 35 15 23 27 27 23 1 16 5 3 15 21 
1500 1500 1500 1500 1500 1500 1500 1500 1500 1500 1500 1500 1500 1500 1500 1500 1500 1500 1500 1500 1500 1500 1500 1500 1500 1500 1500 1500 1500 1500 2 37 4 22 38 35 15 1 5 27 7 9 4 31 3 5 13 0 15 33 15 36 29 37 9 3 31 39 39 21 
1500 1500 1500 1500 1500 1500 1500 1500 1500 1500 1500 1500 1500 1500 1500 1500 1500 1500 1500 1500 1500 1500 1500 1500 1500 1500 1500 1500 1500 1500 5 11 21 26 6 39 21 1 1 14 3 21 8 24 36 18 5 7 7 26 10 21 20 37 13 0 18 29 2 26 
1500 1500 1500 1500 1500 1500 1500 1500 1500 1500 1500 1500 1500 1500 1500 1500 1500 1500 1500 1500 1500 1500 1500 1500 1500 1500 1500 1500 1500 1500 24 28 36 17 22 33 27 1 9 25 20 27 26 38 18 25 33 6 27 33 22 19 13 19 15 1 1 10 5 8 
1500 1500 1500 1500 1500 1500 1500 1500 1500 1500 1500 1500 1500 1500 1500 1500 1500 1500 1500 1500 1500 1500 1500 1500 1500 1500 1500 1500 1500 1500 11 25 30 25 12 6 34 0 11 12 25 26 1 0 1 10 39 17 5 39 35 22 23 20 16 26 34 7 35 3 
1500 1500 1500 1500 1500 1500 1500 1500 1500 1500 1500 1500 1500 1500 1500 1500 1500 1500 1500 1500 1500 1500 1500 1500 1500 1500 1500 1500 1500 1500 19 29 12 8 3 23 29 16 3 23 16 18 13 14 13 28 26 14 6 18 3 35 2 5 0 25 14 23 17 25 
1500 1500 1500 1500 1500 1500 1500 1500 1500 1500 1500 1500 1500 1500 1500 1500 1500 1500 1500 1500 1500 1500 1500 1500 1500 1500 1500 1500 1500 1500 10 15 25 33 23 22 12 11 31 25 26 3 23 11 27 34 21 13 12 12 8 1 8 25 6 15 17 17 36 23 
1500 1500 1500 1500 1500 1500 1500 1500 1500 1500 1500 1500 1500 1500 1500 1500 1500 1500 1500 1500 1500 1500 1500 1500 1500 1500 1500 1500 1500 1500 10 20 16 35 8 2 0 23 29 37 2 34 21 28 0 16 33 8 8 22 1 22 7 8 35 19 28 38 25 12 
1500 1500 1500 1500 1500 1500 1500 1500 1500 1500 1500 1500 1500 1500 1500 1500 1500 1500 1500 1500 1500 1500 1500 1500 1500 1500 1500 1500 1500 1500 20 15 29 39 25 37 14 21 17 4 34 3 6 35 21 24 36 5 13 4 23 14 17 1 0 25 29 12 34 25 
1500 1500 1500 1500 1500 1500 1500 1500 1500 1500 1500 1500 1500 1500 1500 1500 1500 1500 1500 1500 1500 1500 1500 1500 1500 1500 1500 1500 1500 1500 21 20 24 6 20 37 18 31 14 29 6 13 9 13 4 17 15 22 35 22 21 16 39 34 15 37 29 30 33 16 
1500 1500 1500 1500 1500 1500 1500 1500 1500 1500 1500 1500 1500 1500 1500 1500 1500 1500 1500 1500 1500 1500 1500 1500 1500 1500 1500 1500 1500 1500 2 24 26 36 0 18 10 11 12 28 15 37 0 26 0 5 28 10 32 25 39 1 6 30 27 37 31 39 24 32 
1500 1500 1500 1500 1500 1500 1500 1500 1500 1500 1500 1500 1500 1500 1500 1500 1500 1500 1500 1500 1500 1500 1500 1500 1500 1500 1500 1500 1500 1500 14 30 4 5 30 31 32 5 6 10 0 30 39 8 37 13 4 35 35 8 20 19 33 29 7 4 35 13 15 14 
1500 1500 1500 1500 1500 1500 1500 1500 1500 1500 1500 1500 1500 1500 1500 1500 1500 1500 1500 1500 1500 1500 1500 1500 1500 1500 1500 1500 1500 1500 23 9 27 20 27 14 39 0 31 25 35 1 11 9 36 1 18 12 37 4 12 25 30 36 14 22 29 12 27 23 
1500 1500 1500 1500 1500 1500 1500 1500 1500 1500 1500 1500 1500 1500 1500 1500 1500 1500 1500 1500 1500 1500 1500 1500 1500 1500 1500 1500 1500 1500 14 36 13 11 16 36 23 30 22 32 22 31 2 21 22 25 18 7 14 6 39 22 35 17 17 25 16 0 4 1 
