10 200 30 30 500 33
1500 1500 1500 1500 1500 1500 1500 1500 1500 1500 1500 1500 1500 1500 1500 1500 1500 1500 1500 1500 1500 1500 1500 1500 1500 1500 1500 1500 1500 1500 13 34 5 19 19 13 9 15 35 2 31 37 5 27 24 27 10 4 34 26 37 16 17 0 18 31 34 32 21 11 
1500 1500 1500 1500 1500 1500 1500 1500 1500 1500 1500 1500 1500 1500 1500 1500 1500 1500 1500 1500 1500 1500 1500 1500 1500 1500 1500 1500 1500 1500 14 9 29 23 12 7 23 1 3 9 16 15 28 23 36 25 3 25 27 11 24 15 38 35 26 29 35 19 19 14 
1500 1500 1500 1500 1500 1500 1500 1500 1500 1500 1500 1500 1500 1500 1500 1500 1500 1500 1500 1500 1500 1500 1500 1500 1500 1500 1500 1500 1500 1500 13 11 35 34 21 30 24 15 32 35 9 29 7 28 31 11 16 10 26 31 24 22 14 19 14 32 18 18 27 4 
1500 1500 1500 1500 1500 1500 1500 1500 1500 1500 1500 1500 1500 1500 1500 1500 1500 1500 1500 1500 1500 1500 1500 1500 1500 1500 1500 1500 1500 1500 27 28 24 33 10 27 11 17 19 29 16 1 11 0 38 37 31 5 25 24 29 39 23 2 18 14 37 4 13 1 
1500 1500 1500 1500 1500 1500 1500 1500 1500 1500 1500 1500 1500 1500 1500 1500 1500 1500 1500 1500 1500 1500 1500 1500 1500 1500 1500 1500 1500 1500 28 26 37 6 15 24 6 21 31 15 7 36 37 5 39 7 21 13 16 23 7 17 27 36 3 25 17 9 2 28 
1500 1500 1500 1500 1500 1500 1500 1500 1500 1500 1500 1500 1500 1500 1500 1500 1500 1500 1500 1500 1500 1500 1500 1500 1500 1500 1500 1500 1500 1500 29 23 36 36 3 19 29 34 8 25 18 8 18 34 30 22 31 39 4 29 31 4 34 24 8 36 29 14 13 15 
1500 1500 1500 1500 1500 1500 1500 1500 1500 1500 1500 1500 1500 1500 1500 1500 1500 1500 1500 1500 1500 1500 1500 1500 1500 1500 1500 1500 1500 1500 22 26 18 32 34 22 23 4 25 36 37 39 6 34 4 21 36 7 11 6 4 29 32 31 30 33 20 35 0 29 
1500 1500 1500 1500 1500 1500 1500 1500 1500 1500 1500 1500 1500 1500 1500 1500 1500 1500 1500 1500 1500 1500 1500 1500 1500 1500 1500 1500 1500 1500 9 18 37 27 3 31 24 13 29 20 0 25 31 24 2 4 24 25 3 31 16 14 30 26 18 29 16 8 12 9 
1500 1500 1500 1500 1500 1500 1500 1500 1500 1500 1500 1500 1500 1500 1500 1500 1500 1500 1500 1500 1500 1500 1500 1500 1500 1500 1500 1500 1500 1500 20 26 21 23 2 28 36 9 35 21 1 26 18 9 4 32 26 27 39 13 22 38 29 5 14 30 11 27 37 8 
1500 1500 1500 1500 1500 1500 1500 1500 1500 1500 1500 1500 1500 1500 1500 1500 1500 1500 1500 1500 1500 1500 1500 1500 1500 1500 1500 1500 1500 1500 3 2 26 36 32 19 34 39 14 36 24 7 37 36 34 38 10 22 28 39 29 37 21 31 32 15 3 10 23 13 
1500 1500 1500 1500 1500 1500 1500 1500 1500 1500 1500 1500 1500 1500 1500 1500 1500 1500 1500 1500 1500 1500 1500 1500 1500 1500 1500 1500 1500 1500 34 10 29 16 32 14 6 3 0 22 4 12 10 36 30 34 27 15 34 0 25 28 9 13 7 35 15 23 3 21 
1500 1500 1500 1500 1500 1500 1500 1500 1500 1500 1500 1500 1500 1500 1500 1500 1500 1500 1500 1500 1500 1500 1500 1500 1500 1500 1500 1500 1500 1500 20 22 8 35 18 9 32 4 13 8 3 36 14 37 33 15 37 18 12 0 4 0 28 22 31 37 1 30 3 24 
1500 1500 1500 1500 1500 1500 1500 1500 1500 1500 1500 1500 1500 1500 1500 1500 1500 1500 1500 1500 1500 1500 1500 1500 1500 1500 1500 1500 1500 1500 33 12 19 26 7 20 25 8 30 13 37 3 11 8 25 34 20 11 33 21 27 35 31 39 25 21 21 20 29 32 
1500 1500 1500 1500 1500 1500 1500 1500 1500 1500 1500 1500 1500 1500 1500 1500 1500 1500 1500 1500 1500 1500 1500 1500 1500 1500 1500 1500 1500 1500 16 24 18 13 33 37 1 1 23 9 17 26 12 20 37 6 28 17 16 12 30 2 3 30 2 6 1 7 3 3 
1500 1500 1500 1500 1500 1500 1500 1500 1500 1500 1500 1500 1500 1500 1500 1500 1500 1500 1500 1500 1500 1500 1500 1500 1500 1500 1500 1500 1500 1500 30 3 21 15 10 7 31 20 15 32 34 23 34 34 8 25 19 20 20 13 4 26 19 35 35 19 30 14 8 28 
1500 1500 1500 1500 1500 1500 1500 1500 1500 1500 1500 1500 1500 1500 1500 1500 1500 1500 1500 1500 1500 1500 1500 1500 1500 1500 1500 1500 1500 1500 5 26 15 12 14 3 19 5 3 38 22 4 24 36 27 5 29 0 30 8 38 34 21 26 38 35 20 38 28 15 
1500 1500 1500 1500 1500 1500 1500 1500 1500 1500 1500 1500 1500 1500 1500 1500 1500 1500 1500 1500 1500 1500 1500 1500 1500 1500 1500 1500 1500 1500 23 14 20 14 8 24 13 24 39 13 25 25 15 31 4 36 36 21 0 5 5 3 6 21 0 12 16 1 12 2 
1500 1500 1500 1500 1500 1500 1500 1500 1500 1500 1500 1500 1500 1500 1500 1500 1500 1500 1500 1500 1500 1500 1500 1500 1500 1500 1500 1500 1500 1500 12 26 33 10 4 21 12 2 37 39 29 23 1 2 23 2 30 11 33 37 17 31 7 2 15 29 37 23 32 33 
1500 1500 1500 1500 1500 1500 1500 1500 1500 1500 1500 1500 1500 1500 1500 1500 1500 1500 1500 1500 1500 1500 1500 1500 1500 1500 1500 1500 1500 1500 21 1 14 13 11 24 5 21 36 30 38 5 12 23 5 10 16 0 22 28 8 33 16 6 35 5 7 24 24 12 
1500 1500 1500 1500 1500 1500 1500 1500 1500 1500 1500 1500 1500 1500 1500 1500 1500 1500 1500 1500 1500 1500 1500 1500 1500 1500 1500 1500 1500 1500 29 39 29 32 38 2 5 31 19 38 27 3 39 13 32 26 14 27 23 14 28 26 39 21 19 28 30 37 37 9 
1500 1500 1500 1500 1500 1500 1500 1500 1500 1500 1500 1500 1500 1500 1500 1500 1500 1500 1500 1500 1500 1500 1500 1500 1500 1500 1500 1500 1500 1500 18 22 20 19 39 23 2 15 35 9 13 14 27 30 12 31 8 3 13 16 23 19 7 1 0 31 32 3 4 35 
1500 1500 1500 1500 1500 1500 1500 1500 1500 1500 1500 1500 1500 1500 1500 1500 1500 1500 1500 1500 1500 1500 1500 1500 1500 1500 1500 1500 1500 1500 11 23 35 25 1 5 13 13 24 5 34 8 30 25 24 18 33 5 17 12 24 19 27 1 30 34 14 16 24 23 
1500 1500 1500 1500 1500 1500 1500 1500 1500 1500 1500 1500 1500 1500 1500 1500 1500 1500 1500 1500 1500 1500 1500 1500 1500 1500 1500 1500 1500 1500 26 19 25 16 11 15 30 27 36 5 33 6 20 28 14 19 11 39 25 34 20 18 37 7 30 30 31 4 28 24 
1500 1500 1500 1500 1500 1500 1500 1500 1500 1500 1500 1500 1500 1500 1500 1500 1500 1500 1500 1500 1500 1500 1500 1500 1500 1500 1500 1500 1500 1500 27 20 29 20 21 20 16 14 9 16 29 9 29 17 31 5 6 39 34 6 16 24 22 6 19 1 15 22 5 25 
1500 1500 1500 1500 1500 1500 1500 1500 1500 1500 1500 1500 1500 1500 1500 1500 1500 1500 1500 1500 1500 1500 1500 1500 1500 1500 1500 1500 1500 1500 20 38 30 26 21 21 39 1 39 25 4 21 10 21 17 33 11 14 20 21 23 22 24 10 37 35 33 3 18 24 
1500 1500 1500 1500 1500 1500 1500 1500 1500 1500 1500 1500 1500 1500 1500 1500 1500 1500 1500 1500 1500 1500 1500 1500 1500 1500 1500 1500 1500 1500 4 26 23 20 39 32 13 25 0 33 27 28 20 7 10 33 2 11 18 39 2 20 37 19 1 17 21 26 8 9 
1500 1500 1500 1500 1500 1500 1500 1500 1500 1500 1500 1500 1500 1500 1500 1500 1500 1500 1500 1500 1500 1500 1500 1500 1500 1500 1500 1500 1500 1500 23 28 39 12 33 0 6 0 1 17 10 8 33 26 16 23 23 4 30 6 25 38 5 17 26 0 20 2 19 17 
1500 1500 1500 1500 1500 1500 1500 1500 1500 1500 1500 1500 1500 1500 1500 1500 1500 1500 1500 1500 1500 1500 1500 1500 1500 1500 1500 1500 1500 1500 8 16 35 28 35 5 29 7 38 1 2 18 27 28 12 26 0 31 20 32 28 9 1 1 30 23 35 35 6 8 
1500 1500 1500 1500 1500 1500 1500 1500 1500 1500 1500 1500 1500 1500 1500 1500 1500 1500 1500 1500 1500 1500 1500 1500 1500 1500 1500 1500 1500 1500 13 32 28 6 29 32 10 30 37 3 17 19 28 28 22 4 25 17 8 38 12 28 37 30 38 10 7 38 19 31 
1500 1500 1500 1500 1500 1500 1500 1500 1500 1500 1500 1500 1500 1500 1500 1500 1500 1500 1500 1500 1500 1500 1500 1500 1500 1500 1500 1500 1500 1500 11 10 23 1 20 1 1 21 9 8 1 32 17 6 7 19 2 17 6 23 35 22 4 19 30 1 5 27 3 11 
1500 1500 1500 1500 1500 1500 1500 1500 1500 1500 1500 1500 1500 1500 1500 1500 1500 1500 1500 1500 1500 1500 1500 1500 1500 1500 1500 1500 1500 1500 29 13 37 19 5 37 14 19 3 21 23 0 2 10 14 4 31 5 9 39 28 3 14 6 34 19 11 37 15 30 
1500 1500 1500 1500 1500 1500 1500 1500 1500 1500 1500 1500 1500 1500 1500 1500 1500 1500 1500 1500 1500 1500 1500 1500 1500 1500 1500 1500 1500 1500 24 34 34 20 11 37 15 39 13 36 0 30 23 37 30 14 27 38 24 4 35 28 31 13 28 33 10 31 18 32 
1500 1500 1500 1500 1500 1500 1500 1500 1500 1500 1500 1500 1500 1500 1500 1500 1500 1500 1500 1500 1500 1500 1500 1500 1500 1500 1500 1500 1500 1500 16 36 36 5 39 22 5 35 4 13 19 35 1 18 0 17 7 16 21 22 27 33 6 8 19 15 33 39 19 25 
