10 200 30 30 500 16
1500 1500 1500 1500 1500 1500 1500 1500 1500 1500 1500 1500 1500 1500 1500 1500 1500 1500 1500 1500 1500 1500 1500 1500 1500 1500 1500 1500 1500 1500 13 16 24 28 1 20 38 39 4 0 3 34 26 5 27 34 14 23 38 2 23 29 2 16 11 9 36 13 30 15 
1500 1500 1500 1500 1500 1500 1500 1500 1500 1500 1500 1500 1500 1500 1500 1500 1500 1500 1500 1500 1500 1500 1500 1500 1500 1500 1500 1500 1500 1500 27 33 32 27 10 31 35 11 35 26 17 21 32 17 22 33 17 25 14 30 37 33 28 25 15 7 30 21 7 31 
1500 1500 1500 1500 1500 1500 1500 1500 1500 1500 1500 1500 1500 1500 1500 1500 1500 1500 1500 1500 1500 1500 1500 1500 1500 1500 1500 1500 1500 1500 28 20 24 38 2 22 16 6 11 39 12 39 6 34 6 20 39 9 33 8 24 2 17 7 17 7 22 11 8 30 
1500 1500 1500 1500 1500 1500 1500 1500 1500 1500 1500 1500 1500 1500 1500 1500 1500 1500 1500 1500 1500 1500 1500 1500 1500 1500 1500 1500 1500 1500 20 22 25 14 31 26 20 38 26 8 36 9 10 29 17 9 14 33 18 20 37 37 26 35 9 0 21 36 21 21 
1500 1500 1500 1500 1500 1500 1500 1500 1500 1500 1500 1500 1500 1500 1500 1500 1500 1500 1500 1500 1500 1500 1500 1500 1500 1500 1500 1500 1500 1500 23 34 27 30 38 15 0 3 30 10 14 28 9 19 21 29 17 22 37 14 38 20 5 37 34 6 14 9 23 16 
1500 1500 1500 1500 1500 1500 1500 1500 1500 1500 1500 1500 1500 1500 1500 1500 1500 1500 1500 1500 1500 1500 1500 1500 1500 1500 1500 1500 1500 1500 5 37 14 25 29 2 33 32 38 7 22 39 36 1 21 15 22 25 19 10 36 4 37 36 33 34 5 24 14 24 
1500 1500 1500 1500 1500 1500 1500 1500 1500 1500 1500 1500 1500 1500 1500 1500 1500 1500 1500 1500 1500 1500 1500 1500 1500 1500 1500 1500 1500 1500 13 16 25 20 39 11 16 14 21 5 31 30 33 30 19 3 39 12 13 29 28 21 11 23 11 39 12 33 30 24 
1500 1500 1500 1500 1500 1500 1500 1500 1500 1500 1500 1500 1500 1500 1500 1500 1500 1500 1500 1500 1500 1500 1500 1500 1500 1500 1500 1500 1500 1500 38 16 15 33 13 35 34 30 24 32 33 1 7 28 24 5 4 30 1 28 27 8 9 30 36 1 25 27 16 20 
1500 1500 1500 1500 1500 1500 1500 1500 1500 1500 1500 1500 1500 1500 1500 1500 1500 1500 1500 1500 1500 1500 1500 1500 1500 1500 1500 1500 1500 1500 3 13 3 8 35 11 34 3 38 5 29 15 33 1 14 25 16 6 2 39 8 24 37 3 12 33 26 2 35 39 
1500 1500 1500 1500 1500 1500 1500 1500 1500 1500 1500 1500 1500 1500 1500 1500 1500 1500 1500 1500 1500 1500 1500 1500 1500 1500 1500 1500 1500 1500 30 22 17 21 30 2 30 10 5 32 11 4 38 30 21 11 38 1 24 35 20 17 38 18 25 35 24 25 21 38 
1500 1500 1500 1500 1500 1500 1500 1500 1500 1500 1500 1500 1500 1500 1500 1500 1500 1500 1500 1500 1500 1500 1500 1500 1500 1500 1500 1500 1500 1500 14 32 23 13 38 37 38 26 8 0 29 37 16 31 8 25 4 22 21 33 28 36 21 32 10 21 26 31 20 10 
1500 1500 1500 1500 1500 1500 1500 1500 1500 1500 1500 1500 1500 1500 1500 1500 1500 1500 1500 1500 1500 1500 1500 1500 1500 1500 1500 1500 1500 1500 39 38 28 21 36 4 5 21 37 25 20 3 11 5 14 8 2 22 35 8 25 24 5 28 36 9 37 20 24 20 
1500 1500 1500 1500 1500 1500 1500 1500 1500 1500 1500 1500 1500 1500 1500 1500 1500 1500 1500 1500 1500 1500 1500 1500 1500 1500 1500 1500 1500 1500 29 32 34 16 12 27 0 39 26 34 24 18 0 12 22 1 20 38 38 37 6 5 38 33 26 31 12 4 7 39 
1500 1500 1500 1500 1500 1500 1500 1500 1500 1500 1500 1500 1500 1500 1500 1500 1500 1500 1500 1500 1500 1500 1500 1500 1500 1500 1500 1500 1500 1500 26 18 3 9 23 12 1 35 14 33 37 9 5 18 25 19 8 22 18 10 0 13 7 16 9 33 20 35 15 19 
1500 1500 1500 1500 1500 1500 1500 1500 1500 1500 1500 1500 1500 1500 1500 1500 1500 1500 1500 1500 1500 1500 1500 1500 1500 1500 1500 1500 1500 1500 14 21 23 15 13 5 20 4 20 33 33 8 29 5 14 12 38 21 13 20 29 35 13 24 29 9 9 8 33 10 
1500 1500 1500 1500 1500 1500 1500 1500 1500 1500 1500 1500 1500 1500 1500 1500 1500 1500 1500 1500 1500 1500 1500 1500 1500 1500 1500 1500 1500 1500 18 34 18 4 9 7 9 16 21 31 18 19 7 31 19 37 21 3 32 14 3 0 22 30 1 25 23 38 37 19 
