10 200 30 30 500 23
1500 1500 1500 1500 1500 1500 1500 1500 1500 1500 1500 1500 1500 1500 1500 1500 1500 1500 1500 1500 1500 1500 1500 1500 1500 1500 1500 1500 1500 1500 27 6 11 8 30 11 29 2 4 34 21 38 35 33 1 0 25 36 17 34 28 6 17 17 10 27 38 33 28 7 
1500 1500 1500 1500 1500 1500 1500 1500 1500 1500 1500 1500 1500 1500 1500 1500 1500 1500 1500 1500 1500 1500 1500 1500 1500 1500 1500 1500 1500 1500 12 22 28 17 25 33 21 19 23 11 25 24 31 33 28 19 31 4 13 1 23 10 24 9 0 4 3 37 39 9 
1500 1500 1500 1500 1500 1500 1500 1500 1500 1500 1500 1500 1500 1500 1500 1500 1500 1500 1500 1500 1500 1500 1500 1500 1500 1500 1500 1500 1500 1500 33 32 4 9 34 23 31 5 29 24 29 2 30 14 17 26 1 28 21 30 17 14 33 31 25 34 28 18 36 39 
1500 1500 1500 1500 1500 1500 1500 1500 1500 1500 1500 1500 1500 1500 1500 1500 1500 1500 1500 1500 1500 1500 1500 1500 1500 1500 1500 1500 1500 1500 14 1 27 35 35 7 37 4 15 22 28 34 19 11 33 19 19 28 25 0 33 11 9 38 18 39 39 9 29 23 
1500 1500 1500 1500 1500 1500 1500 1500 1500 1500 1500 1500 1500 1500 1500 1500 1500 1500 1500 1500 1500 1500 1500 1500 1500 1500 1500 1500 1500 1500 33 27 21 13 18 6 25 29 4 25 35 29 35 26 22 38 17 36 2 19 14 31 35 18 24 7 22 2 7 33 
1500 1500 1500 1500 1500 1500 1500 1500 1500 1500 1500 1500 1500 1500 1500 1500 1500 1500 1500 1500 1500 1500 1500 1500 1500 1500 1500 1500 1500 1500 4 1 2 4 36 29 34 21 28 11 33 11 35 6 32 5 8 9 14 37 19 20 12 10 25 26 4 14 39 22 
1500 1500 1500 1500 1500 1500 1500 1500 1500 1500 1500 1500 1500 1500 1500 1500 1500 1500 1500 1500 1500 1500 1500 1500 1500 1500 1500 1500 1500 1500 11 28 9 16 36 3 20 33 27 2 19 13 0 9 17 21 20 7 20 19 4 6 31 12 26 36 34 33 20 35 
1500 1500 1500 1500 1500 1500 1500 1500 1500 1500 1500 1500 1500 1500 1500 1500 1500 1500 1500 1500 1500 1500 1500 1500 1500 1500 1500 1500 1500 1500 23 28 21 27 1 10 21 7 9 29 16 18 2 19 22 31 38 16 36 20 27 22 27 16 11 30 2 34 11 29 
1500 1500 1500 1500 1500 1500 1500 1500 1500 1500 1500 1500 1500 1500 1500 1500 1500 1500 1500 1500 1500 1500 1500 1500 1500 1500 1500 1500 1500 1500 39 14 18 22 3 17 14 6 14 39 31 15 22 25 39 15 3 9 34 21 14 36 23 5 12 32 12 35 21 0 
1500 1500 1500 1500 1500 1500 1500 1500 1500 1500 1500 1500 1500 1500 1500 1500 1500 1500 1500 1500 1500 1500 1500 1500 1500 1500 1500 1500 1500 1500 14 8 9 21 15 36 22 39 27 27 39 14 1 3 23 24 7 21 9 32 30 24 38 6 17 32 14 29 3 28 
1500 1500 1500 1500 1500 1500 1500 1500 1500 1500 1500 1500 1500 1500 1500 1500 1500 1500 1500 1500 1500 1500 1500 1500 1500 1500 1500 1500 1500 1500 32 36 4 3 1 27 36 17 17 26 9 38 23 28 11 34 38 11 20 27 0 7 15 14 39 7 38 1 23 37 
1500 1500 1500 1500 1500 1500 1500 1500 1500 1500 1500 1500 1500 1500 1500 1500 1500 1500 1500 1500 1500 1500 1500 1500 1500 1500 1500 1500 1500 1500 39 1 17 29 10 30 17 5 32 30 23 4 27 19 38 28 33 1 5 34 25 21 22 23 16 11 36 34 2 12 
1500 1500 1500 1500 1500 1500 1500 1500 1500 1500 1500 1500 1500 1500 1500 1500 1500 1500 1500 1500 1500 1500 1500 1500 1500 1500 1500 1500 1500 1500 18 18 28 20 26 35 0 32 3 35 10 1 11 37 34 7 11 15 6 21 38 12 28 23 34 22 18 32 32 14 
1500 1500 1500 1500 1500 1500 1500 1500 1500 1500 1500 1500 1500 1500 1500 1500 1500 1500 1500 1500 1500 1500 1500 1500 1500 1500 1500 1500 1500 1500 33 18 23 11 6 10 36 10 3 1 25 35 26 13 5 10 21 30 21 30 31 19 24 2 25 1 32 3 37 35 
1500 1500 1500 1500 1500 1500 1500 1500 1500 1500 1500 1500 1500 1500 1500 1500 1500 1500 1500 1500 1500 1500 1500 1500 1500 1500 1500 1500 1500 1500 8 17 19 32 17 35 10 3 15 16 12 15 8 23 30 14 7 12 26 34 11 8 15 18 15 33 2 19 34 34 
1500 1500 1500 1500 1500 1500 1500 1500 1500 1500 1500 1500 1500 1500 1500 1500 1500 1500 1500 1500 1500 1500 1500 1500 1500 1500 1500 1500 1500 1500 38 37 22 30 32 39 4 13 24 2 6 26 15 21 3 16 7 31 19 35 34 4 11 23 20 2 32 36 8 25 
1500 1500 1500 1500 1500 1500 1500 1500 1500 1500 1500 1500 1500 1500 1500 1500 1500 1500 1500 1500 1500 1500 1500 1500 1500 1500 1500 1500 1500 1500 35 17 24 13 11 33 9 3 28 12 7 24 25 27 17 21 6 32 9 34 27 14 1 21 19 8 35 5 31 32 
1500 1500 1500 1500 1500 1500 1500 1500 1500 1500 1500 1500 1500 1500 1500 1500 1500 1500 1500 1500 1500 1500 1500 1500 1500 1500 1500 1500 1500 1500 18 0 28 13 8 14 12 30 2 5 0 28 9 12 37 38 23 31 15 24 9 1 3 37 1 24 21 27 38 35 
1500 1500 1500 1500 1500 1500 1500 1500 1500 1500 1500 1500 1500 1500 1500 1500 1500 1500 1500 1500 1500 1500 1500 1500 1500 1500 1500 1500 1500 1500 29 4 35 33 30 32 35 1 16 16 37 23 28 21 33 16 19 37 33 35 34 0 16 13 20 24 18 18 1 25 
1500 1500 1500 1500 1500 1500 1500 1500 1500 1500 1500 1500 1500 1500 1500 1500 1500 1500 1500 1500 1500 1500 1500 1500 1500 1500 1500 1500 1500 1500 39 30 1 9 20 34 2 33 34 19 8 11 19 25 4 38 31 13 38 25 14 29 3 2 12 32 22 22 12 6 
1500 1500 1500 1500 1500 1500 1500 1500 1500 1500 1500 1500 1500 1500 1500 1500 1500 1500 1500 1500 1500 1500 1500 1500 1500 1500 1500 1500 1500 1500 24 22 9 25 3 33 37 37 8 33 39 6 38 15 19 2 6 10 22 12 11 17 38 27 7 16 36 25 20 37 
1500 1500 1500 1500 1500 1500 1500 1500 1500 1500 1500 1500 1500 1500 1500 1500 1500 1500 1500 1500 1500 1500 1500 1500 1500 1500 1500 1500 1500 1500 34 16 3 25 11 17 12 20 35 37 24 12 30 11 16 21 23 14 14 18 1 37 15 25 30 5 25 26 11 19 
1500 1500 1500 1500 1500 1500 1500 1500 1500 1500 1500 1500 1500 1500 1500 1500 1500 1500 1500 1500 1500 1500 1500 1500 1500 1500 1500 1500 1500 1500 32 29 19 29 5 0 23 37 4 2 26 33 35 15 33 19 37 29 33 4 13 24 24 1 0 32 39 15 6 2 
