10 200 30 30 500 49
1500 1500 1500 1500 1500 1500 1500 1500 1500 1500 1500 1500 1500 1500 1500 1500 1500 1500 1500 1500 1500 1500 1500 1500 1500 1500 1500 1500 1500 1500 8 30 17 10 9 25 36 26 25 17 18 38 8 19 10 31 15 21 29 22 35 24 18 28 22 36 7 28 6 31 
1500 1500 1500 1500 1500 1500 1500 1500 1500 1500 1500 1500 1500 1500 1500 1500 1500 1500 1500 1500 1500 1500 1500 1500 1500 1500 1500 1500 1500 1500 11 7 6 35 1 27 35 20 37 3 33 16 15 29 28 27 35 21 5 33 27 12 19 0 39 29 30 21 38 4 
1500 1500 1500 1500 1500 1500 1500 1500 1500 1500 1500 1500 1500 1500 1500 1500 1500 1500 1500 1500 1500 1500 1500 1500 1500 1500 1500 1500 1500 1500 25 24 7 5 10 36 25 33 15 35 18 32 30 28 6 1 33 18 20 14 24 4 22 2 17 4 30 25 22 19 
1500 1500 1500 1500 1500 1500 1500 1500 1500 1500 1500 1500 1500 1500 1500 1500 1500 1500 1500 1500 1500 1500 1500 1500 1500 1500 1500 1500 1500 1500 5 39 27 6 9 20 39 2 31 27 24 31 37 31 39 2 16 3 24 14 24 20 6 11 2 30 28 20 22 12 
1500 1500 1500 1500 1500 1500 1500 1500 1500 1500 1500 1500 1500 1500 1500 1500 1500 1500 1500 1500 1500 1500 1500 1500 1500 1500 1500 1500 1500 1500 37 34 1 7 14 12 2 25 14 28 20 35 0 33 11 35 34 29 30 18 33 19 22 19 8 9 18 14 14 4 
1500 1500 1500 1500 1500 1500 1500 1500 1500 1500 1500 1500 1500 1500 1500 1500 1500 1500 1500 1500 1500 1500 1500 1500 1500 1500 1500 1500 1500 1500 33 9 37 33 10 27 30 25 6 24 26 8 25 8 17 10 4 16 13 21 26 28 1 8 4 3 30 26 9 9 
1500 1500 1500 1500 1500 1500 1500 1500 1500 1500 1500 1500 1500 1500 1500 1500 1500 1500 1500 1500 1500 1500 1500 1500 1500 1500 1500 1500 1500 1500 27 7 20 5 21 39 33 6 36 24 35 31 23 33 32 33 29 38 27 15 9 26 34 33 9 5 12 14 14 37 
1500 1500 1500 1500 1500 1500 1500 1500 1500 1500 1500 1500 1500 1500 1500 1500 1500 1500 1500 1500 1500 1500 1500 1500 1500 1500 1500 1500 1500 1500 23 33 13 1 26 13 37 31 35 28 2 20 24 5 30 39 15 28 2 0 37 13 3 0 32 8 33 28 19 13 
1500 1500 1500 1500 1500 1500 1500 1500 1500 1500 1500 1500 1500 1500 1500 1500 1500 1500 1500 1500 1500 1500 1500 1500 1500 1500 1500 1500 1500 1500 23 17 4 35 24 29 27 29 21 10 19 10 18 23 22 10 17 39 2 21 35 12 33 29 14 17 17 2 35 29 
1500 1500 1500 1500 1500 1500 1500 1500 1500 1500 1500 1500 1500 1500 1500 1500 1500 1500 1500 1500 1500 1500 1500 1500 1500 1500 1500 1500 1500 1500 0 35 31 36 18 7 29 0 20 5 9 13 19 36 0 33 31 12 31 16 0 39 30 26 3 15 17 31 24 37 
1500 1500 1500 1500 1500 1500 1500 1500 1500 1500 1500 1500 1500 1500 1500 1500 1500 1500 1500 1500 1500 1500 1500 1500 1500 1500 1500 1500 1500 1500 21 11 29 13 1 8 21 28 5 3 5 2 24 37 1 20 26 34 4 32 18 31 10 17 10 10 23 33 31 0 
1500 1500 1500 1500 1500 1500 1500 1500 1500 1500 1500 1500 1500 1500 1500 1500 1500 1500 1500 1500 1500 1500 1500 1500 1500 1500 1500 1500 1500 1500 15 31 38 8 25 29 36 35 17 17 27 11 4 39 11 26 14 16 20 23 11 8 31 30 25 0 3 9 21 0 
1500 1500 1500 1500 1500 1500 1500 1500 1500 1500 1500 1500 1500 1500 1500 1500 1500 1500 1500 1500 1500 1500 1500 1500 1500 1500 1500 1500 1500 1500 8 15 5 17 25 27 32 26 30 37 0 16 37 31 4 28 11 22 20 7 2 6 6 10 11 14 35 30 19 36 
1500 1500 1500 1500 1500 1500 1500 1500 1500 1500 1500 1500 1500 1500 1500 1500 1500 1500 1500 1500 1500 1500 1500 1500 1500 1500 1500 1500 1500 1500 12 12 23 37 32 35 35 33 5 30 38 17 25 17 16 30 21 39 17 6 23 31 19 3 19 35 39 20 27 18 
1500 1500 1500 1500 1500 1500 1500 1500 1500 1500 1500 1500 1500 1500 1500 1500 1500 1500 1500 1500 1500 1500 1500 1500 1500 1500 1500 1500 1500 1500 1 32 11 10 4 20 10 25 14 32 25 26 28 26 34 5 19 17 22 8 5 38 33 25 13 3 1 21 14 3 
1500 1500 1500 1500 1500 1500 1500 1500 1500 1500 1500 1500 1500 1500 1500 1500 1500 1500 1500 1500 1500 1500 1500 1500 1500 1500 1500 1500 1500 1500 10 28 6 35 14 38 28 31 37 35 38 26 27 28 23 7 32 30 19 4 31 31 1 8 34 28 23 16 1 29 
1500 1500 1500 1500 1500 1500 1500 1500 1500 1500 1500 1500 1500 1500 1500 1500 1500 1500 1500 1500 1500 1500 1500 1500 1500 1500 1500 1500 1500 1500 19 16 23 27 22 1 11 18 14 28 6 25 27 13 21 32 24 7 24 9 17 2 26 28 33 36 35 23 26 7 
1500 1500 1500 1500 1500 1500 1500 1500 1500 1500 1500 1500 1500 1500 1500 1500 1500 1500 1500 1500 1500 1500 1500 1500 1500 1500 1500 1500 1500 1500 35 13 39 32 30 6 37 38 11 38 21 21 35 17 32 28 9 33 24 10 5 35 33 16 24 30 13 25 13 16 
1500 1500 1500 1500 1500 1500 1500 1500 1500 1500 1500 1500 1500 1500 1500 1500 1500 1500 1500 1500 1500 1500 1500 1500 1500 1500 1500 1500 1500 1500 12 14 15 19 5 14 13 38 15 21 4 3 29 33 7 17 36 0 30 33 6 35 14 16 39 24 5 9 13 34 
1500 1500 1500 1500 1500 1500 1500 1500 1500 1500 1500 1500 1500 1500 1500 1500 1500 1500 1500 1500 1500 1500 1500 1500 1500 1500 1500 1500 1500 1500 1 32 30 7 10 1 2 12 15 38 24 20 25 8 11 13 15 22 20 7 32 28 36 29 9 28 28 22 9 4 
1500 1500 1500 1500 1500 1500 1500 1500 1500 1500 1500 1500 1500 1500 1500 1500 1500 1500 1500 1500 1500 1500 1500 1500 1500 1500 1500 1500 1500 1500 23 15 30 27 7 34 2 6 4 35 19 16 11 33 5 11 24 13 27 21 10 28 4 20 22 23 21 2 33 24 
1500 1500 1500 1500 1500 1500 1500 1500 1500 1500 1500 1500 1500 1500 1500 1500 1500 1500 1500 1500 1500 1500 1500 1500 1500 1500 1500 1500 1500 1500 27 13 4 8 9 30 22 17 1 5 19 34 19 3 16 33 4 5 35 10 6 9 36 0 19 4 39 12 2 8 
1500 1500 1500 1500 1500 1500 1500 1500 1500 1500 1500 1500 1500 1500 1500 1500 1500 1500 1500 1500 1500 1500 1500 1500 1500 1500 1500 1500 1500 1500 10 29 35 8 32 15 17 21 31 28 15 37 36 25 36 5 24 7 5 21 13 18 32 11 21 32 30 3 18 31 
1500 1500 1500 1500 1500 1500 1500 1500 1500 1500 1500 1500 1500 1500 1500 1500 1500 1500 1500 1500 1500 1500 1500 1500 1500 1500 1500 1500 1500 1500 0 13 15 24 0 5 20 2 4 14 39 11 8 15 29 14 20 8 34 31 35 9 10 26 20 37 5 27 13 23 
1500 1500 1500 1500 1500 1500 1500 1500 1500 1500 1500 1500 1500 1500 1500 1500 1500 1500 1500 1500 1500 1500 1500 1500 1500 1500 1500 1500 1500 1500 16 17 6 20 20 25 11 37 36 15 14 32 10 20 33 19 3 17 27 12 22 16 30 2 1 26 0 12 2 6 
1500 1500 1500 1500 1500 1500 1500 1500 1500 1500 1500 1500 1500 1500 1500 1500 1500 1500 1500 1500 1500 1500 1500 1500 1500 1500 1500 1500 1500 1500 3 24 2 3 9 16 15 11 6 34 6 33 1 1 22 26 13 21 1 21 32 18 26 27 34 12 36 6 2 10 
1500 1500 1500 1500 1500 1500 1500 1500 1500 1500 1500 1500 1500 1500 1500 1500 1500 1500 1500 1500 1500 1500 1500 1500 1500 1500 1500 1500 1500 1500 0 23 22 32 28 9 2 35 24 11 13 10 19 32 36 39 30 7 16 15 9 24 9 15 35 22 16 39 4 26 
1500 1500 1500 1500 1500 1500 1500 1500 1500 1500 1500 1500 1500 1500 1500 1500 1500 1500 1500 1500 1500 1500 1500 1500 1500 1500 1500 1500 1500 1500 5 11 22 33 7 39 36 21 35 24 23 20 31 10 39 35 13 29 10 6 28 36 35 28 24 23 26 5 19 37 
1500 1500 1500 1500 1500 1500 1500 1500 1500 1500 1500 1500 1500 1500 1500 1500 1500 1500 1500 1500 1500 1500 1500 1500 1500 1500 1500 1500 1500 1500 35 0 30 26 25 6 3 15 38 25 38 22 25 4 0 3 15 32 8 23 31 17 28 11 28 3 5 34 14 7 
1500 1500 1500 1500 1500 1500 1500 1500 1500 1500 1500 1500 1500 1500 1500 1500 1500 1500 1500 1500 1500 1500 1500 1500 1500 1500 1500 1500 1500 1500 17 33 4 3 15 33 18 32 19 6 36 22 17 20 8 10 9 39 31 27 22 15 20 10 13 17 11 16 34 30 
1500 1500 1500 1500 1500 1500 1500 1500 1500 1500 1500 1500 1500 1500 1500 1500 1500 1500 1500 1500 1500 1500 1500 1500 1500 1500 1500 1500 1500 1500 22 7 15 36 10 22 39 19 12 18 36 21 37 6 31 0 2 15 5 6 13 24 15 2 34 13 22 19 30 11 
1500 1500 1500 1500 1500 1500 1500 1500 1500 1500 1500 1500 1500 1500 1500 1500 1500 1500 1500 1500 1500 1500 1500 1500 1500 1500 1500 1500 1500 1500 24 28 19 20 26 1 6 30 10 15 15 22 16 39 25 35 34 12 13 15 17 23 24 35 28 8 17 19 30 0 
1500 1500 1500 1500 1500 1500 1500 1500 1500 1500 1500 1500 1500 1500 1500 1500 1500 1500 1500 1500 1500 1500 1500 1500 1500 1500 1500 1500 1500 1500 10 20 39 4 21 12 38 27 26 29 16 9 34 10 33 6 8 32 0 33 8 3 26 5 27 29 25 6 18 26 
1500 1500 1500 1500 1500 1500 1500 1500 1500 1500 1500 1500 1500 1500 1500 1500 1500 1500 1500 1500 1500 1500 1500 1500 1500 1500 1500 1500 1500 1500 18 32 23 12 21 9 2 16 27 28 34 28 8 8 32 25 31 24 17 5 23 17 4 37 37 26 30 13 36 27 
1500 1500 1500 1500 1500 1500 1500 1500 1500 1500 1500 1500 1500 1500 1500 1500 1500 1500 1500 1500 1500 1500 1500 1500 1500 1500 1500 1500 1500 1500 29 10 18 16 1 15 18 24 33 25 13 34 34 17 11 35 16 13 9 11 36 27 1 29 23 15 1 3 1 26 
1500 1500 1500 1500 1500 1500 1500 1500 1500 1500 1500 1500 1500 1500 1500 1500 1500 1500 1500 1500 1500 1500 1500 1500 1500 1500 1500 1500 1500 1500 5 37 25 39 4 27 17 30 19 7 12 6 27 32 0 31 3 24 22 10 27 36 25 36 18 38 31 37 4 18 
1500 1500 1500 1500 1500 1500 1500 1500 1500 1500 1500 1500 1500 1500 1500 1500 1500 1500 1500 1500 1500 1500 1500 1500 1500 1500 1500 1500 1500 1500 22 1 18 22 11 35 14 7 25 13 18 18 20 29 10 6 39 7 35 37 29 32 7 25 15 7 21 5 36 12 
1500 1500 1500 1500 1500 1500 1500 1500 1500 1500 1500 1500 1500 1500 1500 1500 1500 1500 1500 1500 1500 1500 1500 1500 1500 1500 1500 1500 1500 1500 16 8 21 6 12 35 24 29 26 20 10 15 27 34 32 13 35 2 32 5 18 36 25 0 24 7 27 16 21 19 
1500 1500 1500 1500 1500 1500 1500 1500 1500 1500 1500 1500 1500 1500 1500 1500 1500 1500 1500 1500 1500 1500 1500 1500 1500 1500 1500 1500 1500 1500 32 33 2 2 38 2 0 33 37 12 16 12 34 9 4 23 13 8 28 17 33 16 32 25 7 17 31 22 36 3 
1500 1500 1500 1500 1500 1500 1500 1500 1500 1500 1500 1500 1500 1500 1500 1500 1500 1500 1500 1500 1500 1500 1500 1500 1500 1500 1500 1500 1500 1500 16 5 15 36 17 5 14 26 8 36 19 15 35 22 25 9 27 6 21 3 26 0 24 11 35 8 8 29 13 19 
1500 1500 1500 1500 1500 1500 1500 1500 1500 1500 1500 1500 1500 1500 1500 1500 1500 1500 1500 1500 1500 1500 1500 1500 1500 1500 1500 1500 1500 1500 15 16 15 1 26 38 12 38 17 12 34 1 36 0 37 12 9 30 28 13 21 12 32 29 28 9 25 24 14 15 
1500 1500 1500 1500 1500 1500 1500 1500 1500 1500 1500 1500 1500 1500 1500 1500 1500 1500 1500 1500 1500 1500 1500 1500 1500 1500 1500 1500 1500 1500 10 23 7 23 7 25 27 25 26 13 15 32 16 12 8 12 22 20 1 10 17 0 33 11 10 18 7 35 13 23 
1500 1500 1500 1500 1500 1500 1500 1500 1500 1500 1500 1500 1500 1500 1500 1500 1500 1500 1500 1500 1500 1500 1500 1500 1500 1500 1500 1500 1500 1500 7 34 17 23 5 5 29 25 13 26 38 26 15 8 26 35 22 10 9 1 11 1 6 17 27 9 8 16 28 15 
1500 1500 1500 1500 1500 1500 1500 1500 1500 1500 1500 1500 1500 1500 1500 1500 1500 1500 1500 1500 1500 1500 1500 1500 1500 1500 1500 1500 1500 1500 36 21 3 26 22 32 15 11 12 31 30 37 28 11 25 20 22 17 9 0 35 22 5 16 14 37 24 39 26 7 
1500 1500 1500 1500 1500 1500 1500 1500 1500 1500 1500 1500 1500 1500 1500 1500 1500 1500 1500 1500 1500 1500 1500 1500 1500 1500 1500 1500 1500 1500 27 23 31 30 19 24 14 24 26 33 32 36 15 8 13 38 6 28 38 20 0 31 38 28 8 14 37 16 34 19 
1500 1500 1500 1500 1500 1500 1500 1500 1500 1500 1500 1500 1500 1500 1500 1500 1500 1500 1500 1500 1500 1500 1500 1500 1500 1500 1500 1500 1500 1500 32 23 16 35 23 2 28 11 20 2 8 11 33 26 36 1 14 13 3 25 9 31 34 39 0 30 16 0 23 17 
1500 1500 1500 1500 1500 1500 1500 1500 1500 1500 1500 1500 1500 1500 1500 1500 1500 1500 1500 1500 1500 1500 1500 1500 1500 1500 1500 1500 1500 1500 8 4 18 3 30 1 19 1 35 32 34 16 38 8 27 16 8 13 2 23 7 1 37 38 38 0 28 17 20 34 
1500 1500 1500 1500 1500 1500 1500 1500 1500 1500 1500 1500 1500 1500 1500 1500 1500 1500 1500 1500 1500 1500 1500 1500 1500 1500 1500 1500 1500 1500 17 28 20 30 38 27 35 38 39 38 29 5 25 34 3 36 16 15 3 4 38 8 34 22 18 13 23 14 28 21 
1500 1500 1500 1500 1500 1500 1500 1500 1500 1500 1500 1500 1500 1500 1500 1500 1500 1500 1500 1500 1500 1500 1500 1500 1500 1500 1500 1500 1500 1500 38 29 32 34 6 29 12 24 0 16 36 21 34 31 29 29 29 26 24 31 16 11 18 1 6 36 29 17 7 8 
