10 200 30 30 500 35
1500 1500 1500 1500 1500 1500 1500 1500 1500 1500 1500 1500 1500 1500 1500 1500 1500 1500 1500 1500 1500 1500 1500 1500 1500 1500 1500 1500 1500 1500 19 5 4 28 12 19 3 2 8 28 2 34 0 6 31 35 8 26 33 5 22 0 28 0 3 4 37 31 6 39 
1500 1500 1500 1500 1500 1500 1500 1500 1500 1500 1500 1500 1500 1500 1500 1500 1500 1500 1500 1500 1500 1500 1500 1500 1500 1500 1500 1500 1500 1500 23 8 34 13 33 5 27 33 22 28 17 4 2 14 26 21 25 37 12 26 9 3 37 39 5 4 29 7 20 34 
1500 1500 1500 1500 1500 1500 1500 1500 1500 1500 1500 1500 1500 1500 1500 1500 1500 1500 1500 1500 1500 1500 1500 1500 1500 1500 1500 1500 1500 1500 22 31 21 20 39 29 15 16 33 12 24 33 17 28 13 22 4 39 0 38 12 30 17 21 16 19 23 20 29 29 
1500 1500 1500 1500 1500 1500 1500 1500 1500 1500 1500 1500 1500 1500 1500 1500 1500 1500 1500 1500 1500 1500 1500 1500 1500 1500 1500 1500 1500 1500 37 39 29 1 1 19 10 26 29 1 14 28 3 3 0 9 1 0 12 35 20 2 39 11 36 4 11 37 16 22 
1500 1500 1500 1500 1500 1500 1500 1500 1500 1500 1500 1500 1500 1500 1500 1500 1500 1500 1500 1500 1500 1500 1500 1500 1500 1500 1500 1500 1500 1500 26 12 24 26 9 11 17 22 24 2 3 37 16 30 11 19 23 30 22 33 9 31 9 27 32 39 20 38 2 30 
1500 1500 1500 1500 1500 1500 1500 1500 1500 1500 1500 1500 1500 1500 1500 1500 1500 1500 1500 1500 1500 1500 1500 1500 1500 1500 1500 1500 1500 1500 23 38 21 19 25 16 39 2 7 25 37 35 34 11 22 12 38 13 26 9 7 12 21 18 28 8 28 1 24 20 
1500 1500 1500 1500 1500 1500 1500 1500 1500 1500 1500 1500 1500 1500 1500 1500 1500 1500 1500 1500 1500 1500 1500 1500 1500 1500 1500 1500 1500 1500 4 18 3 10 29 28 20 33 38 8 37 14 27 34 10 1 9 36 33 28 25 32 11 9 19 29 31 16 7 18 
1500 1500 1500 1500 1500 1500 1500 1500 1500 1500 1500 1500 1500 1500 1500 1500 1500 1500 1500 1500 1500 1500 1500 1500 1500 1500 1500 1500 1500 1500 33 21 24 7 29 32 39 26 36 10 10 33 12 20 13 14 39 31 20 20 18 23 20 2 26 28 12 21 1 8 
1500 1500 1500 1500 1500 1500 1500 1500 1500 1500 1500 1500 1500 1500 1500 1500 1500 1500 1500 1500 1500 1500 1500 1500 1500 1500 1500 1500 1500 1500 34 20 31 25 1 34 23 23 36 38 2 3 11 14 0 23 30 13 29 16 16 15 5 21 5 11 13 8 11 12 
1500 1500 1500 1500 1500 1500 1500 1500 1500 1500 1500 1500 1500 1500 1500 1500 1500 1500 1500 1500 1500 1500 1500 1500 1500 1500 1500 1500 1500 1500 36 39 2 1 25 31 29 19 38 25 16 14 27 38 35 29 32 11 16 5 14 29 18 7 4 12 34 3 28 8 
1500 1500 1500 1500 1500 1500 1500 1500 1500 1500 1500 1500 1500 1500 1500 1500 1500 1500 1500 1500 1500 1500 1500 1500 1500 1500 1500 1500 1500 1500 13 34 39 29 20 0 35 30 10 21 30 3 10 18 0 17 34 17 25 39 29 11 29 37 29 35 35 2 37 31 
1500 1500 1500 1500 1500 1500 1500 1500 1500 1500 1500 1500 1500 1500 1500 1500 1500 1500 1500 1500 1500 1500 1500 1500 1500 1500 1500 1500 1500 1500 14 13 32 21 18 8 8 20 33 8 5 20 31 20 34 6 23 1 9 12 15 1 15 21 23 24 2 12 39 13 
1500 1500 1500 1500 1500 1500 1500 1500 1500 1500 1500 1500 1500 1500 1500 1500 1500 1500 1500 1500 1500 1500 1500 1500 1500 1500 1500 1500 1500 1500 15 29 10 8 33 20 30 12 33 18 9 5 22 24 34 1 13 23 19 33 23 7 18 39 28 30 33 24 8 29 
1500 1500 1500 1500 1500 1500 1500 1500 1500 1500 1500 1500 1500 1500 1500 1500 1500 1500 1500 1500 1500 1500 1500 1500 1500 1500 1500 1500 1500 1500 4 7 22 10 15 1 21 6 10 32 24 2 0 3 21 30 20 37 11 11 19 19 39 23 23 5 13 16 37 4 
1500 1500 1500 1500 1500 1500 1500 1500 1500 1500 1500 1500 1500 1500 1500 1500 1500 1500 1500 1500 1500 1500 1500 1500 1500 1500 1500 1500 1500 1500 22 9 14 30 30 26 2 3 22 39 1 21 36 16 10 35 23 37 14 35 31 16 20 19 39 32 26 24 7 31 
1500 1500 1500 1500 1500 1500 1500 1500 1500 1500 1500 1500 1500 1500 1500 1500 1500 1500 1500 1500 1500 1500 1500 1500 1500 1500 1500 1500 1500 1500 15 14 31 10 10 35 30 9 28 29 19 21 15 34 1 25 11 12 5 34 7 6 36 15 38 14 31 31 5 30 
1500 1500 1500 1500 1500 1500 1500 1500 1500 1500 1500 1500 1500 1500 1500 1500 1500 1500 1500 1500 1500 1500 1500 1500 1500 1500 1500 1500 1500 1500 7 15 2 39 13 28 25 22 4 30 26 37 33 34 6 30 18 12 39 4 10 3 17 15 10 38 34 16 5 24 
1500 1500 1500 1500 1500 1500 1500 1500 1500 1500 1500 1500 1500 1500 1500 1500 1500 1500 1500 1500 1500 1500 1500 1500 1500 1500 1500 1500 1500 1500 29 14 24 36 31 11 1 4 36 6 31 37 31 4 10 2 33 12 5 39 27 0 34 11 3 32 21 36 8 21 
1500 1500 1500 1500 1500 1500 1500 1500 1500 1500 1500 1500 1500 1500 1500 1500 1500 1500 1500 1500 1500 1500 1500 1500 1500 1500 1500 1500 1500 1500 25 33 37 0 27 30 15 14 5 14 31 3 26 15 2 3 32 0 30 29 38 1 35 35 31 14 3 31 9 9 
1500 1500 1500 1500 1500 1500 1500 1500 1500 1500 1500 1500 1500 1500 1500 1500 1500 1500 1500 1500 1500 1500 1500 1500 1500 1500 1500 1500 1500 1500 29 0 7 15 1 27 35 28 9 14 4 14 19 0 7 7 23 17 24 22 39 25 1 3 17 35 22 35 35 30 
1500 1500 1500 1500 1500 1500 1500 1500 1500 1500 1500 1500 1500 1500 1500 1500 1500 1500 1500 1500 1500 1500 1500 1500 1500 1500 1500 1500 1500 1500 17 14 4 16 7 28 28 20 13 29 22 0 28 7 18 19 36 39 1 9 4 21 20 20 39 29 3 8 14 19 
1500 1500 1500 1500 1500 1500 1500 1500 1500 1500 1500 1500 1500 1500 1500 1500 1500 1500 1500 1500 1500 1500 1500 1500 1500 1500 1500 1500 1500 1500 0 9 28 12 7 13 5 28 6 9 32 19 37 39 30 4 5 9 11 35 5 28 28 39 36 27 14 11 18 35 
1500 1500 1500 1500 1500 1500 1500 1500 1500 1500 1500 1500 1500 1500 1500 1500 1500 1500 1500 1500 1500 1500 1500 1500 1500 1500 1500 1500 1500 1500 37 12 0 2 3 2 3 26 36 5 8 30 34 10 25 9 24 0 9 4 18 3 9 8 36 25 39 19 18 30 
1500 1500 1500 1500 1500 1500 1500 1500 1500 1500 1500 1500 1500 1500 1500 1500 1500 1500 1500 1500 1500 1500 1500 1500 1500 1500 1500 1500 1500 1500 29 9 8 4 15 22 14 21 22 18 4 22 31 22 5 38 9 21 8 20 28 25 24 22 22 4 0 1 35 31 
1500 1500 1500 1500 1500 1500 1500 1500 1500 1500 1500 1500 1500 1500 1500 1500 1500 1500 1500 1500 1500 1500 1500 1500 1500 1500 1500 1500 1500 1500 4 26 19 10 27 14 32 36 35 10 34 8 32 19 31 32 15 28 38 32 9 32 15 37 6 4 29 19 5 31 
1500 1500 1500 1500 1500 1500 1500 1500 1500 1500 1500 1500 1500 1500 1500 1500 1500 1500 1500 1500 1500 1500 1500 1500 1500 1500 1500 1500 1500 1500 10 15 29 4 15 21 4 23 7 18 35 21 18 31 11 28 39 37 6 11 36 30 24 20 25 10 24 5 16 20 
1500 1500 1500 1500 1500 1500 1500 1500 1500 1500 1500 1500 1500 1500 1500 1500 1500 1500 1500 1500 1500 1500 1500 1500 1500 1500 1500 1500 1500 1500 10 25 26 34 27 17 17 34 15 30 30 9 32 27 28 34 34 28 32 36 9 13 16 16 12 36 18 37 5 18 
1500 1500 1500 1500 1500 1500 1500 1500 1500 1500 1500 1500 1500 1500 1500 1500 1500 1500 1500 1500 1500 1500 1500 1500 1500 1500 1500 1500 1500 1500 30 16 25 24 27 21 36 10 18 24 8 21 8 37 0 8 5 29 26 29 36 13 31 18 20 18 16 21 18 11 
1500 1500 1500 1500 1500 1500 1500 1500 1500 1500 1500 1500 1500 1500 1500 1500 1500 1500 1500 1500 1500 1500 1500 1500 1500 1500 1500 1500 1500 1500 8 15 22 15 18 13 25 10 0 31 29 38 23 39 25 15 18 37 13 34 28 22 7 13 13 27 18 9 5 39 
1500 1500 1500 1500 1500 1500 1500 1500 1500 1500 1500 1500 1500 1500 1500 1500 1500 1500 1500 1500 1500 1500 1500 1500 1500 1500 1500 1500 1500 1500 12 23 2 32 1 38 14 34 28 24 30 19 24 13 32 16 27 37 2 26 13 18 9 1 32 1 27 0 8 39 
1500 1500 1500 1500 1500 1500 1500 1500 1500 1500 1500 1500 1500 1500 1500 1500 1500 1500 1500 1500 1500 1500 1500 1500 1500 1500 1500 1500 1500 1500 34 19 8 38 25 22 4 6 25 14 0 22 0 2 13 14 19 3 1 2 23 32 26 2 22 10 26 22 29 3 
1500 1500 1500 1500 1500 1500 1500 1500 1500 1500 1500 1500 1500 1500 1500 1500 1500 1500 1500 1500 1500 1500 1500 1500 1500 1500 1500 1500 1500 1500 11 39 34 11 24 24 12 32 16 38 24 5 37 26 11 9 28 21 35 30 29 9 27 27 32 9 22 3 39 5 
1500 1500 1500 1500 1500 1500 1500 1500 1500 1500 1500 1500 1500 1500 1500 1500 1500 1500 1500 1500 1500 1500 1500 1500 1500 1500 1500 1500 1500 1500 24 8 10 23 7 1 6 24 17 34 0 28 39 27 32 30 28 35 9 17 0 9 3 6 4 0 15 35 18 38 
1500 1500 1500 1500 1500 1500 1500 1500 1500 1500 1500 1500 1500 1500 1500 1500 1500 1500 1500 1500 1500 1500 1500 1500 1500 1500 1500 1500 1500 1500 33 23 9 16 29 15 9 16 2 2 7 13 0 35 13 8 19 39 24 19 36 23 36 10 25 28 20 3 0 26 
1500 1500 1500 1500 1500 1500 1500 1500 1500 1500 1500 1500 1500 1500 1500 1500 1500 1500 1500 1500 1500 1500 1500 1500 1500 1500 1500 1500 1500 1500 9 36 10 17 25 12 14 27 25 22 28 0 20 20 12 39 20 34 26 39 6 3 25 28 23 26 25 39 24 6 
