10 200 30 30 500 20
1500 1500 1500 1500 1500 1500 1500 1500 1500 1500 1500 1500 1500 1500 1500 1500 1500 1500 1500 1500 1500 1500 1500 1500 1500 1500 1500 1500 1500 1500 7 5 38 15 39 12 36 11 28 34 5 38 20 1 13 10 28 27 27 13 16 16 23 31 16 21 3 28 32 36 
1500 1500 1500 1500 1500 1500 1500 1500 1500 1500 1500 1500 1500 1500 1500 1500 1500 1500 1500 1500 1500 1500 1500 1500 1500 1500 1500 1500 1500 1500 18 8 19 0 2 12 20 6 4 6 14 38 32 27 16 39 4 6 10 0 28 28 2 7 2 39 6 9 31 38 
1500 1500 1500 1500 1500 1500 1500 1500 1500 1500 1500 1500 1500 1500 1500 1500 1500 1500 1500 1500 1500 1500 1500 1500 1500 1500 1500 1500 1500 1500 29 23 6 8 5 29 17 15 22 21 37 4 30 2 38 1 9 18 11 29 16 37 7 3 17 32 37 9 21 33 
1500 1500 1500 1500 1500 1500 1500 1500 1500 1500 1500 1500 1500 1500 1500 1500 1500 1500 1500 1500 1500 1500 1500 1500 1500 1500 1500 1500 1500 1500 34 11 13 14 27 13 26 1 19 24 25 6 14 4 16 18 27 34 18 19 17 21 32 39 1 19 4 12 16 5 
1500 1500 1500 1500 1500 1500 1500 1500 1500 1500 1500 1500 1500 1500 1500 1500 1500 1500 1500 1500 1500 1500 1500 1500 1500 1500 1500 1500 1500 1500 28 33 5 19 1 14 7 4 32 22 24 25 34 26 7 26 30 10 32 34 39 19 31 4 38 13 27 23 39 39 
1500 1500 1500 1500 1500 1500 1500 1500 1500 1500 1500 1500 1500 1500 1500 1500 1500 1500 1500 1500 1500 1500 1500 1500 1500 1500 1500 1500 1500 1500 18 21 35 25 9 25 15 15 29 27 17 13 10 22 4 28 3 6 4 11 37 14 27 11 27 33 1 13 26 38 
1500 1500 1500 1500 1500 1500 1500 1500 1500 1500 1500 1500 1500 1500 1500 1500 1500 1500 1500 1500 1500 1500 1500 1500 1500 1500 1500 1500 1500 1500 0 14 7 39 14 8 14 39 31 38 32 1 17 5 32 23 32 37 17 12 14 34 23 30 33 39 2 2 24 39 
1500 1500 1500 1500 1500 1500 1500 1500 1500 1500 1500 1500 1500 1500 1500 1500 1500 1500 1500 1500 1500 1500 1500 1500 1500 1500 1500 1500 1500 1500 1 4 18 1 2 37 10 16 10 8 23 3 39 5 30 25 23 8 6 27 6 3 36 5 19 37 3 30 20 7 
1500 1500 1500 1500 1500 1500 1500 1500 1500 1500 1500 1500 1500 1500 1500 1500 1500 1500 1500 1500 1500 1500 1500 1500 1500 1500 1500 1500 1500 1500 31 15 21 34 28 32 36 17 36 8 34 0 7 0 5 25 10 12 36 6 5 1 10 38 4 26 22 30 7 29 
1500 1500 1500 1500 1500 1500 1500 1500 1500 1500 1500 1500 1500 1500 1500 1500 1500 1500 1500 1500 1500 1500 1500 1500 1500 1500 1500 1500 1500 1500 16 9 32 31 1 13 5 39 22 15 37 14 7 9 10 24 27 27 0 1 23 27 13 26 16 38 13 18 23 34 
1500 1500 1500 1500 1500 1500 1500 1500 1500 1500 1500 1500 1500 1500 1500 1500 1500 1500 1500 1500 1500 1500 1500 1500 1500 1500 1500 1500 1500 1500 11 1 14 1 26 22 33 24 38 5 32 20 23 20 32 22 24 22 12 38 34 23 23 21 35 25 2 35 25 6 
1500 1500 1500 1500 1500 1500 1500 1500 1500 1500 1500 1500 1500 1500 1500 1500 1500 1500 1500 1500 1500 1500 1500 1500 1500 1500 1500 1500 1500 1500 8 21 22 19 16 35 32 21 27 15 3 2 28 1 14 17 17 19 13 24 37 26 21 17 39 26 0 11 34 8 
1500 1500 1500 1500 1500 1500 1500 1500 1500 1500 1500 1500 1500 1500 1500 1500 1500 1500 1500 1500 1500 1500 1500 1500 1500 1500 1500 1500 1500 1500 21 34 32 13 37 28 7 26 11 26 36 4 3 6 21 29 13 21 8 20 36 22 20 37 33 31 8 30 37 21 
1500 1500 1500 1500 1500 1500 1500 1500 1500 1500 1500 1500 1500 1500 1500 1500 1500 1500 1500 1500 1500 1500 1500 1500 1500 1500 1500 1500 1500 1500 23 30 31 21 9 32 2 7 9 24 33 4 9 25 14 8 34 24 10 34 17 19 32 28 37 34 22 39 18 23 
1500 1500 1500 1500 1500 1500 1500 1500 1500 1500 1500 1500 1500 1500 1500 1500 1500 1500 1500 1500 1500 1500 1500 1500 1500 1500 1500 1500 1500 1500 28 30 17 11 29 27 34 17 9 18 15 15 27 37 21 12 17 29 17 0 25 29 23 33 28 35 0 39 28 21 
1500 1500 1500 1500 1500 1500 1500 1500 1500 1500 1500 1500 1500 1500 1500 1500 1500 1500 1500 1500 1500 1500 1500 1500 1500 1500 1500 1500 1500 1500 33 20 37 2 9 30 9 3 4 8 28 26 17 20 37 33 24 9 38 38 37 17 1 35 38 34 16 36 9 38 
1500 1500 1500 1500 1500 1500 1500 1500 1500 1500 1500 1500 1500 1500 1500 1500 1500 1500 1500 1500 1500 1500 1500 1500 1500 1500 1500 1500 1500 1500 34 4 39 14 22 21 12 10 39 2 28 3 8 28 17 10 34 18 9 24 20 2 12 22 22 0 34 3 3 20 
1500 1500 1500 1500 1500 1500 1500 1500 1500 1500 1500 1500 1500 1500 1500 1500 1500 1500 1500 1500 1500 1500 1500 1500 1500 1500 1500 1500 1500 1500 39 26 5 21 10 8 23 20 37 4 9 27 12 28 10 6 6 23 30 38 13 3 29 6 13 29 34 13 24 15 
1500 1500 1500 1500 1500 1500 1500 1500 1500 1500 1500 1500 1500 1500 1500 1500 1500 1500 1500 1500 1500 1500 1500 1500 1500 1500 1500 1500 1500 1500 36 24 14 30 3 14 12 21 9 22 38 13 39 2 32 29 31 0 16 18 1 30 34 22 6 18 11 31 15 35 
1500 1500 1500 1500 1500 1500 1500 1500 1500 1500 1500 1500 1500 1500 1500 1500 1500 1500 1500 1500 1500 1500 1500 1500 1500 1500 1500 1500 1500 1500 6 37 29 18 29 31 33 35 7 2 39 23 7 18 32 26 21 26 18 12 9 18 22 15 8 14 6 33 30 18 
