10 200 30 30 500 31
1500 1500 1500 1500 1500 1500 1500 1500 1500 1500 1500 1500 1500 1500 1500 1500 1500 1500 1500 1500 1500 1500 1500 1500 1500 1500 1500 1500 1500 1500 6 7 1 5 26 17 19 32 6 25 6 8 10 26 13 22 28 39 36 35 26 27 39 32 4 37 16 29 10 10 
1500 1500 1500 1500 1500 1500 1500 1500 1500 1500 1500 1500 1500 1500 1500 1500 1500 1500 1500 1500 1500 1500 1500 1500 1500 1500 1500 1500 1500 1500 30 7 7 34 27 38 9 24 31 16 18 16 8 14 2 16 20 14 5 17 19 32 23 22 25 37 33 31 18 20 
1500 1500 1500 1500 1500 1500 1500 1500 1500 1500 1500 1500 1500 1500 1500 1500 1500 1500 1500 1500 1500 1500 1500 1500 1500 1500 1500 1500 1500 1500 31 22 18 8 0 37 13 4 36 20 31 8 2 12 3 31 11 28 22 29 26 37 34 2 10 31 0 31 10 16 
1500 1500 1500 1500 1500 1500 1500 1500 1500 1500 1500 1500 1500 1500 1500 1500 1500 1500 1500 1500 1500 1500 1500 1500 1500 1500 1500 1500 1500 1500 8 9 26 38 32 12 6 21 2 31 11 16 5 1 4 8 12 21 16 0 38 28 17 23 33 35 14 14 13 35 
1500 1500 1500 1500 1500 1500 1500 1500 1500 1500 1500 1500 1500 1500 1500 1500 1500 1500 1500 1500 1500 1500 1500 1500 1500 1500 1500 1500 1500 1500 16 8 22 33 34 38 16 4 36 11 11 20 3 39 10 1 17 15 12 24 12 14 10 3 0 17 14 31 30 1 
1500 1500 1500 1500 1500 1500 1500 1500 1500 1500 1500 1500 1500 1500 1500 1500 1500 1500 1500 1500 1500 1500 1500 1500 1500 1500 1500 1500 1500 1500 9 36 18 4 18 2 25 16 32 9 38 3 0 39 32 5 37 36 5 28 23 18 23 9 8 24 15 1 23 11 
1500 1500 1500 1500 1500 1500 1500 1500 1500 1500 1500 1500 1500 1500 1500 1500 1500 1500 1500 1500 1500 1500 1500 1500 1500 1500 1500 1500 1500 1500 26 30 17 17 35 2 35 0 29 11 16 15 37 26 9 8 13 3 36 0 33 31 3 35 23 14 7 16 13 19 
1500 1500 1500 1500 1500 1500 1500 1500 1500 1500 1500 1500 1500 1500 1500 1500 1500 1500 1500 1500 1500 1500 1500 1500 1500 1500 1500 1500 1500 1500 10 24 8 14 22 31 24 39 13 31 8 10 11 36 18 0 34 18 2 35 30 17 30 26 6 26 3 25 37 15 
1500 1500 1500 1500 1500 1500 1500 1500 1500 1500 1500 1500 1500 1500 1500 1500 1500 1500 1500 1500 1500 1500 1500 1500 1500 1500 1500 1500 1500 1500 23 18 8 33 3 10 11 30 25 2 27 15 31 13 28 6 34 10 11 38 15 30 23 13 22 31 20 33 37 37 
1500 1500 1500 1500 1500 1500 1500 1500 1500 1500 1500 1500 1500 1500 1500 1500 1500 1500 1500 1500 1500 1500 1500 1500 1500 1500 1500 1500 1500 1500 31 27 35 22 1 2 34 6 20 31 17 11 18 7 17 19 17 1 24 6 7 38 18 22 0 15 26 34 19 23 
1500 1500 1500 1500 1500 1500 1500 1500 1500 1500 1500 1500 1500 1500 1500 1500 1500 1500 1500 1500 1500 1500 1500 1500 1500 1500 1500 1500 1500 1500 27 35 22 28 12 22 20 33 28 25 20 29 13 3 17 33 8 14 38 5 28 25 22 27 20 26 28 31 7 7 
1500 1500 1500 1500 1500 1500 1500 1500 1500 1500 1500 1500 1500 1500 1500 1500 1500 1500 1500 1500 1500 1500 1500 1500 1500 1500 1500 1500 1500 1500 1 23 21 31 25 26 20 25 25 27 0 34 23 10 37 9 36 26 20 22 31 33 22 35 24 14 5 9 15 18 
1500 1500 1500 1500 1500 1500 1500 1500 1500 1500 1500 1500 1500 1500 1500 1500 1500 1500 1500 1500 1500 1500 1500 1500 1500 1500 1500 1500 1500 1500 1 38 35 3 11 12 31 6 12 19 22 15 2 22 36 20 15 3 8 30 22 10 39 7 27 36 39 2 8 23 
1500 1500 1500 1500 1500 1500 1500 1500 1500 1500 1500 1500 1500 1500 1500 1500 1500 1500 1500 1500 1500 1500 1500 1500 1500 1500 1500 1500 1500 1500 11 35 6 17 36 25 7 19 32 38 3 22 24 23 22 11 9 0 0 30 27 5 38 39 10 33 22 34 5 0 
1500 1500 1500 1500 1500 1500 1500 1500 1500 1500 1500 1500 1500 1500 1500 1500 1500 1500 1500 1500 1500 1500 1500 1500 1500 1500 1500 1500 1500 1500 36 8 21 38 0 6 31 20 16 18 8 27 22 33 18 10 26 0 1 21 37 31 14 19 8 9 3 12 19 34 
1500 1500 1500 1500 1500 1500 1500 1500 1500 1500 1500 1500 1500 1500 1500 1500 1500 1500 1500 1500 1500 1500 1500 1500 1500 1500 1500 1500 1500 1500 29 34 15 12 32 3 28 16 9 15 2 25 12 30 25 24 18 24 17 26 27 28 27 4 10 32 32 32 5 29 
1500 1500 1500 1500 1500 1500 1500 1500 1500 1500 1500 1500 1500 1500 1500 1500 1500 1500 1500 1500 1500 1500 1500 1500 1500 1500 1500 1500 1500 1500 5 22 32 27 13 5 34 0 30 29 37 37 7 20 1 23 35 39 12 34 23 22 5 27 31 16 17 28 23 8 
1500 1500 1500 1500 1500 1500 1500 1500 1500 1500 1500 1500 1500 1500 1500 1500 1500 1500 1500 1500 1500 1500 1500 1500 1500 1500 1500 1500 1500 1500 28 32 1 12 35 10 19 36 13 31 21 26 15 39 3 34 16 39 5 28 15 34 34 17 38 7 32 27 18 35 
1500 1500 1500 1500 1500 1500 1500 1500 1500 1500 1500 1500 1500 1500 1500 1500 1500 1500 1500 1500 1500 1500 1500 1500 1500 1500 1500 1500 1500 1500 7 15 38 33 32 13 13 28 35 19 9 1 27 1 2 7 39 6 4 36 3 25 6 7 12 2 6 18 15 28 
1500 1500 1500 1500 1500 1500 1500 1500 1500 1500 1500 1500 1500 1500 1500 1500 1500 1500 1500 1500 1500 1500 1500 1500 1500 1500 1500 1500 1500 1500 6 17 12 12 7 17 10 33 27 25 39 28 22 25 34 36 24 13 24 2 23 37 9 16 14 14 38 7 23 31 
1500 1500 1500 1500 1500 1500 1500 1500 1500 1500 1500 1500 1500 1500 1500 1500 1500 1500 1500 1500 1500 1500 1500 1500 1500 1500 1500 1500 1500 1500 30 32 20 37 25 9 23 35 33 22 15 38 19 19 25 17 29 27 28 32 7 32 27 13 21 22 7 34 8 5 
1500 1500 1500 1500 1500 1500 1500 1500 1500 1500 1500 1500 1500 1500 1500 1500 1500 1500 1500 1500 1500 1500 1500 1500 1500 1500 1500 1500 1500 1500 34 37 0 34 20 28 33 32 31 8 21 6 8 35 13 5 29 13 18 22 4 39 32 24 36 22 0 6 7 20 
1500 1500 1500 1500 1500 1500 1500 1500 1500 1500 1500 1500 1500 1500 1500 1500 1500 1500 1500 1500 1500 1500 1500 1500 1500 1500 1500 1500 1500 1500 13 28 1 18 20 23 35 10 30 13 23 4 6 18 35 29 3 0 15 2 28 34 32 27 35 34 32 19 11 27 
1500 1500 1500 1500 1500 1500 1500 1500 1500 1500 1500 1500 1500 1500 1500 1500 1500 1500 1500 1500 1500 1500 1500 1500 1500 1500 1500 1500 1500 1500 1 2 3 32 6 18 33 18 4 34 22 1 21 11 5 23 12 13 13 2 37 32 3 4 3 4 9 39 19 14 
1500 1500 1500 1500 1500 1500 1500 1500 1500 1500 1500 1500 1500 1500 1500 1500 1500 1500 1500 1500 1500 1500 1500 1500 1500 1500 1500 1500 1500 1500 6 38 37 36 1 2 6 24 25 14 39 1 39 10 15 10 10 9 21 14 10 24 12 10 21 33 14 17 15 26 
1500 1500 1500 1500 1500 1500 1500 1500 1500 1500 1500 1500 1500 1500 1500 1500 1500 1500 1500 1500 1500 1500 1500 1500 1500 1500 1500 1500 1500 1500 5 17 21 11 0 3 30 39 15 13 16 36 29 20 6 35 30 14 24 39 8 38 12 29 31 28 28 23 32 21 
1500 1500 1500 1500 1500 1500 1500 1500 1500 1500 1500 1500 1500 1500 1500 1500 1500 1500 1500 1500 1500 1500 1500 1500 1500 1500 1500 1500 1500 1500 29 11 26 38 36 38 34 39 8 28 8 21 12 2 36 7 23 21 2 12 23 2 20 39 34 4 2 39 16 17 
1500 1500 1500 1500 1500 1500 1500 1500 1500 1500 1500 1500 1500 1500 1500 1500 1500 1500 1500 1500 1500 1500 1500 1500 1500 1500 1500 1500 1500 1500 31 15 39 8 28 1 26 4 2 30 5 4 25 38 38 31 34 8 17 20 26 13 5 20 19 2 8 35 36 15 
1500 1500 1500 1500 1500 1500 1500 1500 1500 1500 1500 1500 1500 1500 1500 1500 1500 1500 1500 1500 1500 1500 1500 1500 1500 1500 1500 1500 1500 1500 4 11 28 26 24 25 18 15 20 13 34 0 18 39 27 13 33 23 31 39 34 18 36 1 8 37 28 12 15 39 
1500 1500 1500 1500 1500 1500 1500 1500 1500 1500 1500 1500 1500 1500 1500 1500 1500 1500 1500 1500 1500 1500 1500 1500 1500 1500 1500 1500 1500 1500 25 12 32 20 32 16 8 1 36 38 8 23 20 5 1 37 6 16 6 26 1 38 27 20 19 33 5 39 12 12 
1500 1500 1500 1500 1500 1500 1500 1500 1500 1500 1500 1500 1500 1500 1500 1500 1500 1500 1500 1500 1500 1500 1500 1500 1500 1500 1500 1500 1500 1500 34 0 39 6 36 10 0 11 3 18 0 36 22 19 21 7 12 33 13 34 20 11 16 27 12 27 33 26 7 4 
