10 200 30 30 500 34
1500 1500 1500 1500 1500 1500 1500 1500 1500 1500 1500 1500 1500 1500 1500 1500 1500 1500 1500 1500 1500 1500 1500 1500 1500 1500 1500 1500 1500 1500 30 15 36 11 29 19 10 12 20 32 23 20 38 11 8 16 29 24 30 5 13 11 31 32 36 6 32 1 25 25 
1500 1500 1500 1500 1500 1500 1500 1500 1500 1500 1500 1500 1500 1500 1500 1500 1500 1500 1500 1500 1500 1500 1500 1500 1500 1500 1500 1500 1500 1500 37 15 12 25 38 8 16 8 7 29 15 20 18 2 2 18 16 4 33 31 11 18 0 7 17 38 5 16 33 35 
1500 1500 1500 1500 1500 1500 1500 1500 1500 1500 1500 1500 1500 1500 1500 1500 1500 1500 1500 1500 1500 1500 1500 1500 1500 1500 1500 1500 1500 1500 24 11 30 18 10 8 31 35 16 22 4 16 10 39 13 30 15 19 6 20 12 23 24 13 39 38 22 1 30 8 
1500 1500 1500 1500 1500 1500 1500 1500 1500 1500 1500 1500 1500 1500 1500 1500 1500 1500 1500 1500 1500 1500 1500 1500 1500 1500 1500 1500 1500 1500 14 22 24 0 35 11 35 9 39 35 7 6 37 6 31 7 35 16 25 0 20 38 21 4 20 0 10 28 1 19 
1500 1500 1500 1500 1500 1500 1500 1500 1500 1500 1500 1500 1500 1500 1500 1500 1500 1500 1500 1500 1500 1500 1500 1500 1500 1500 1500 1500 1500 1500 32 19 14 32 7 28 11 0 18 28 19 29 11 21 0 8 30 20 15 16 14 38 1 11 33 29 21 9 13 13 
1500 1500 1500 1500 1500 1500 1500 1500 1500 1500 1500 1500 1500 1500 1500 1500 1500 1500 1500 1500 1500 1500 1500 1500 1500 1500 1500 1500 1500 1500 28 30 35 28 15 29 17 8 16 28 20 32 3 35 36 7 15 1 10 10 8 13 22 4 37 1 3 14 10 1 
1500 1500 1500 1500 1500 1500 1500 1500 1500 1500 1500 1500 1500 1500 1500 1500 1500 1500 1500 1500 1500 1500 1500 1500 1500 1500 1500 1500 1500 1500 25 25 32 13 36 0 3 4 13 31 11 25 22 23 24 22 0 38 20 24 26 15 14 23 28 30 34 11 20 31 
1500 1500 1500 1500 1500 1500 1500 1500 1500 1500 1500 1500 1500 1500 1500 1500 1500 1500 1500 1500 1500 1500 1500 1500 1500 1500 1500 1500 1500 1500 28 4 32 6 38 10 25 8 22 11 1 31 4 0 13 9 26 28 9 29 39 36 13 20 20 4 0 1 0 19 
1500 1500 1500 1500 1500 1500 1500 1500 1500 1500 1500 1500 1500 1500 1500 1500 1500 1500 1500 1500 1500 1500 1500 1500 1500 1500 1500 1500 1500 1500 35 13 20 9 4 8 12 18 20 6 12 7 32 25 39 22 10 36 9 2 2 35 28 31 18 8 3 19 22 37 
1500 1500 1500 1500 1500 1500 1500 1500 1500 1500 1500 1500 1500 1500 1500 1500 1500 1500 1500 1500 1500 1500 1500 1500 1500 1500 1500 1500 1500 1500 5 21 18 23 27 33 15 9 23 1 25 11 31 4 0 10 8 33 5 9 1 6 39 5 12 9 33 3 0 28 
1500 1500 1500 1500 1500 1500 1500 1500 1500 1500 1500 1500 1500 1500 1500 1500 1500 1500 1500 1500 1500 1500 1500 1500 1500 1500 1500 1500 1500 1500 14 31 26 21 7 23 11 2 9 5 13 26 31 3 25 36 11 24 22 34 16 16 8 29 31 17 19 26 16 34 
1500 1500 1500 1500 1500 1500 1500 1500 1500 1500 1500 1500 1500 1500 1500 1500 1500 1500 1500 1500 1500 1500 1500 1500 1500 1500 1500 1500 1500 1500 28 12 30 37 0 36 37 30 39 23 7 15 4 36 18 38 30 16 34 31 32 34 21 5 27 6 11 9 24 39 
1500 1500 1500 1500 1500 1500 1500 1500 1500 1500 1500 1500 1500 1500 1500 1500 1500 1500 1500 1500 1500 1500 1500 1500 1500 1500 1500 1500 1500 1500 12 13 28 6 39 14 29 0 34 39 31 3 11 5 2 1 12 38 22 12 32 10 38 7 10 10 32 19 13 24 
1500 1500 1500 1500 1500 1500 1500 1500 1500 1500 1500 1500 1500 1500 1500 1500 1500 1500 1500 1500 1500 1500 1500 1500 1500 1500 1500 1500 1500 1500 32 19 21 17 1 8 4 21 30 25 0 34 38 4 11 7 12 36 19 4 15 18 17 29 2 7 33 12 6 37 
1500 1500 1500 1500 1500 1500 1500 1500 1500 1500 1500 1500 1500 1500 1500 1500 1500 1500 1500 1500 1500 1500 1500 1500 1500 1500 1500 1500 1500 1500 22 29 15 25 18 8 16 1 3 5 2 32 31 13 14 18 15 14 23 36 10 15 34 8 33 29 11 29 12 24 
1500 1500 1500 1500 1500 1500 1500 1500 1500 1500 1500 1500 1500 1500 1500 1500 1500 1500 1500 1500 1500 1500 1500 1500 1500 1500 1500 1500 1500 1500 20 15 19 3 6 0 5 3 15 10 26 8 37 30 16 30 3 30 27 5 12 6 35 33 30 14 32 32 18 31 
1500 1500 1500 1500 1500 1500 1500 1500 1500 1500 1500 1500 1500 1500 1500 1500 1500 1500 1500 1500 1500 1500 1500 1500 1500 1500 1500 1500 1500 1500 23 22 19 27 25 30 4 34 39 8 32 38 19 36 0 0 4 0 34 9 0 8 13 27 0 9 12 18 22 19 
1500 1500 1500 1500 1500 1500 1500 1500 1500 1500 1500 1500 1500 1500 1500 1500 1500 1500 1500 1500 1500 1500 1500 1500 1500 1500 1500 1500 1500 1500 35 14 22 7 34 22 4 22 1 36 24 10 32 21 13 21 21 19 37 10 29 12 27 11 2 0 4 30 31 13 
1500 1500 1500 1500 1500 1500 1500 1500 1500 1500 1500 1500 1500 1500 1500 1500 1500 1500 1500 1500 1500 1500 1500 1500 1500 1500 1500 1500 1500 1500 25 9 16 20 39 13 26 24 5 5 28 0 21 9 29 36 37 14 11 19 23 20 29 7 1 21 31 14 25 26 
1500 1500 1500 1500 1500 1500 1500 1500 1500 1500 1500 1500 1500 1500 1500 1500 1500 1500 1500 1500 1500 1500 1500 1500 1500 1500 1500 1500 1500 1500 16 38 14 35 5 36 14 35 13 19 25 30 36 8 28 14 3 39 6 21 18 20 18 7 39 39 13 1 3 20 
1500 1500 1500 1500 1500 1500 1500 1500 1500 1500 1500 1500 1500 1500 1500 1500 1500 1500 1500 1500 1500 1500 1500 1500 1500 1500 1500 1500 1500 1500 4 25 4 1 22 33 14 15 1 24 24 23 27 21 16 8 10 6 13 13 17 23 30 17 15 15 2 25 2 2 
1500 1500 1500 1500 1500 1500 1500 1500 1500 1500 1500 1500 1500 1500 1500 1500 1500 1500 1500 1500 1500 1500 1500 1500 1500 1500 1500 1500 1500 1500 25 32 20 34 35 27 13 37 32 25 20 19 26 3 37 33 13 25 36 3 37 33 19 3 35 36 4 36 9 8 
1500 1500 1500 1500 1500 1500 1500 1500 1500 1500 1500 1500 1500 1500 1500 1500 1500 1500 1500 1500 1500 1500 1500 1500 1500 1500 1500 1500 1500 1500 27 13 24 38 18 19 27 10 22 18 30 31 13 25 36 25 7 5 37 2 26 9 4 39 22 24 30 31 34 13 
1500 1500 1500 1500 1500 1500 1500 1500 1500 1500 1500 1500 1500 1500 1500 1500 1500 1500 1500 1500 1500 1500 1500 1500 1500 1500 1500 1500 1500 1500 24 9 35 8 17 13 31 34 29 24 13 28 9 4 34 22 20 32 27 27 4 22 3 20 37 34 35 28 9 25 
1500 1500 1500 1500 1500 1500 1500 1500 1500 1500 1500 1500 1500 1500 1500 1500 1500 1500 1500 1500 1500 1500 1500 1500 1500 1500 1500 1500 1500 1500 19 21 3 17 39 36 1 18 17 11 38 13 34 10 21 7 29 15 5 26 1 21 32 36 39 24 17 10 1 15 
1500 1500 1500 1500 1500 1500 1500 1500 1500 1500 1500 1500 1500 1500 1500 1500 1500 1500 1500 1500 1500 1500 1500 1500 1500 1500 1500 1500 1500 1500 29 27 36 35 35 9 9 27 36 36 10 35 35 1 37 4 11 37 0 39 29 7 6 37 22 39 18 29 19 19 
1500 1500 1500 1500 1500 1500 1500 1500 1500 1500 1500 1500 1500 1500 1500 1500 1500 1500 1500 1500 1500 1500 1500 1500 1500 1500 1500 1500 1500 1500 10 21 24 36 28 36 4 12 10 39 23 14 23 5 11 5 27 28 1 25 37 25 6 27 10 26 30 6 16 1 
1500 1500 1500 1500 1500 1500 1500 1500 1500 1500 1500 1500 1500 1500 1500 1500 1500 1500 1500 1500 1500 1500 1500 1500 1500 1500 1500 1500 1500 1500 27 11 7 10 16 17 32 29 0 21 21 32 26 13 15 15 38 16 14 14 34 22 7 2 4 33 25 14 29 25 
1500 1500 1500 1500 1500 1500 1500 1500 1500 1500 1500 1500 1500 1500 1500 1500 1500 1500 1500 1500 1500 1500 1500 1500 1500 1500 1500 1500 1500 1500 28 5 17 24 5 28 29 14 21 8 2 32 24 32 33 5 4 17 29 1 36 20 16 22 16 4 21 21 31 12 
1500 1500 1500 1500 1500 1500 1500 1500 1500 1500 1500 1500 1500 1500 1500 1500 1500 1500 1500 1500 1500 1500 1500 1500 1500 1500 1500 1500 1500 1500 12 25 7 7 34 25 19 0 26 37 24 1 27 32 27 36 13 9 2 23 35 10 34 14 9 7 11 5 28 35 
1500 1500 1500 1500 1500 1500 1500 1500 1500 1500 1500 1500 1500 1500 1500 1500 1500 1500 1500 1500 1500 1500 1500 1500 1500 1500 1500 1500 1500 1500 17 39 5 6 26 19 26 4 35 15 34 22 24 8 30 15 3 16 10 18 29 37 30 5 35 18 34 9 31 4 
1500 1500 1500 1500 1500 1500 1500 1500 1500 1500 1500 1500 1500 1500 1500 1500 1500 1500 1500 1500 1500 1500 1500 1500 1500 1500 1500 1500 1500 1500 36 15 8 14 27 10 8 17 36 35 6 31 34 12 7 37 15 13 1 20 4 4 31 32 38 13 18 26 12 33 
1500 1500 1500 1500 1500 1500 1500 1500 1500 1500 1500 1500 1500 1500 1500 1500 1500 1500 1500 1500 1500 1500 1500 1500 1500 1500 1500 1500 1500 1500 27 28 4 32 32 31 19 21 13 11 33 9 16 23 37 33 34 5 18 13 27 34 35 25 6 5 8 5 18 4 
1500 1500 1500 1500 1500 1500 1500 1500 1500 1500 1500 1500 1500 1500 1500 1500 1500 1500 1500 1500 1500 1500 1500 1500 1500 1500 1500 1500 1500 1500 33 3 13 12 4 8 11 23 9 13 24 29 16 20 31 10 4 29 1 36 18 32 7 17 22 29 31 38 37 22 
