10 200 30 30 500 10
1500 1500 1500 1500 1500 1500 1500 1500 1500 1500 1500 1500 1500 1500 1500 1500 1500 1500 1500 1500 1500 1500 1500 1500 1500 1500 1500 1500 1500 1500 21 4 30 38 32 7 13 31 14 25 33 23 13 30 1 27 19 17 14 13 2 29 27 24 35 7 15 11 9 30 
1500 1500 1500 1500 1500 1500 1500 1500 1500 1500 1500 1500 1500 1500 1500 1500 1500 1500 1500 1500 1500 1500 1500 1500 1500 1500 1500 1500 1500 1500 6 18 9 2 1 11 7 36 25 13 14 30 20 25 15 37 36 37 37 31 3 26 29 9 22 24 13 9 3 15 
1500 1500 1500 1500 1500 1500 1500 1500 1500 1500 1500 1500 1500 1500 1500 1500 1500 1500 1500 1500 1500 1500 1500 1500 1500 1500 1500 1500 1500 1500 33 3 35 20 9 32 7 36 31 0 24 3 26 22 33 37 25 3 30 17 0 18 24 29 2 31 31 26 10 37 
1500 1500 1500 1500 1500 1500 1500 1500 1500 1500 1500 1500 1500 1500 1500 1500 1500 1500 1500 1500 1500 1500 1500 1500 1500 1500 1500 1500 1500 1500 19 1 30 19 9 9 35 32 7 28 38 13 7 19 17 3 36 15 36 10 34 35 16 18 9 38 13 2 7 9 
1500 1500 1500 1500 1500 1500 1500 1500 1500 1500 1500 1500 1500 1500 1500 1500 1500 1500 1500 1500 1500 1500 1500 1500 1500 1500 1500 1500 1500 1500 9 30 29 14 33 18 26 39 17 17 12 32 1 37 36 12 0 39 28 3 1 36 0 28 13 5 9 24 0 26 
1500 1500 1500 1500 1500 1500 1500 1500 1500 1500 1500 1500 1500 1500 1500 1500 1500 1500 1500 1500 1500 1500 1500 1500 1500 1500 1500 1500 1500 1500 12 7 27 25 29 25 39 2 7 36 26 36 21 36 18 12 16 15 15 0 14 35 18 23 18 11 39 35 25 1 
1500 1500 1500 1500 1500 1500 1500 1500 1500 1500 1500 1500 1500 1500 1500 1500 1500 1500 1500 1500 1500 1500 1500 1500 1500 1500 1500 1500 1500 1500 10 22 26 18 18 28 31 17 21 19 12 28 36 31 10 3 31 26 13 24 16 12 23 39 15 36 4 38 26 29 
1500 1500 1500 1500 1500 1500 1500 1500 1500 1500 1500 1500 1500 1500 1500 1500 1500 1500 1500 1500 1500 1500 1500 1500 1500 1500 1500 1500 1500 1500 17 33 2 29 19 30 19 3 18 8 11 27 6 18 19 16 32 28 27 13 31 14 39 10 29 6 35 11 26 1 
1500 1500 1500 1500 1500 1500 1500 1500 1500 1500 1500 1500 1500 1500 1500 1500 1500 1500 1500 1500 1500 1500 1500 1500 1500 1500 1500 1500 1500 1500 38 33 12 4 33 35 34 26 24 0 29 12 39 31 16 13 16 15 11 32 7 27 9 5 10 19 3 24 3 9 
1500 1500 1500 1500 1500 1500 1500 1500 1500 1500 1500 1500 1500 1500 1500 1500 1500 1500 1500 1500 1500 1500 1500 1500 1500 1500 1500 1500 1500 1500 24 1 35 35 7 32 39 3 31 35 36 15 19 13 20 12 4 18 5 0 15 35 26 4 0 23 19 23 5 23 
