10 200 30 30 500 27
1500 1500 1500 1500 1500 1500 1500 1500 1500 1500 1500 1500 1500 1500 1500 1500 1500 1500 1500 1500 1500 1500 1500 1500 1500 1500 1500 1500 1500 1500 29 2 24 27 1 22 28 33 21 10 21 37 15 20 17 17 26 35 4 13 9 0 5 21 22 6 0 18 37 13 
1500 1500 1500 1500 1500 1500 1500 1500 1500 1500 1500 1500 1500 1500 1500 1500 1500 1500 1500 1500 1500 1500 1500 1500 1500 1500 1500 1500 1500 1500 6 35 3 12 36 18 19 20 9 12 29 27 8 22 19 8 28 10 25 6 1 10 15 0 32 7 7 33 32 5 
1500 1500 1500 1500 1500 1500 1500 1500 1500 1500 1500 1500 1500 1500 1500 1500 1500 1500 1500 1500 1500 1500 1500 1500 1500 1500 1500 1500 1500 1500 1 14 10 6 12 6 9 23 2 11 31 25 33 34 25 18 35 30 15 3 30 33 35 37 17 17 19 25 7 34 
1500 1500 1500 1500 1500 1500 1500 1500 1500 1500 1500 1500 1500 1500 1500 1500 1500 1500 1500 1500 1500 1500 1500 1500 1500 1500 1500 1500 1500 1500 12 8 26 14 37 13 36 36 25 22 36 14 12 6 15 32 32 22 4 30 9 34 31 11 37 16 19 21 2 33 
1500 1500 1500 1500 1500 1500 1500 1500 1500 1500 1500 1500 1500 1500 1500 1500 1500 1500 1500 1500 1500 1500 1500 1500 1500 1500 1500 1500 1500 1500 34 16 5 25 26 12 34 7 11 34 35 13 38 12 36 35 16 27 16 25 20 29 28 19 3 24 5 16 9 9 
1500 1500 1500 1500 1500 1500 1500 1500 1500 1500 1500 1500 1500 1500 1500 1500 1500 1500 1500 1500 1500 1500 1500 1500 1500 1500 1500 1500 1500 1500 15 10 16 15 6 6 25 8 14 5 5 16 39 38 28 4 3 3 0 15 11 1 37 24 3 3 19 17 9 16 
1500 1500 1500 1500 1500 1500 1500 1500 1500 1500 1500 1500 1500 1500 1500 1500 1500 1500 1500 1500 1500 1500 1500 1500 1500 1500 1500 1500 1500 1500 2 12 7 25 23 4 20 25 38 32 6 2 4 8 18 23 4 35 30 38 8 13 23 39 5 26 28 34 39 12 
1500 1500 1500 1500 1500 1500 1500 1500 1500 1500 1500 1500 1500 1500 1500 1500 1500 1500 1500 1500 1500 1500 1500 1500 1500 1500 1500 1500 1500 1500 20 39 7 28 19 32 30 1 15 23 8 13 39 4 6 22 10 11 37 30 16 5 10 1 30 24 24 22 35 27 
1500 1500 1500 1500 1500 1500 1500 1500 1500 1500 1500 1500 1500 1500 1500 1500 1500 1500 1500 1500 1500 1500 1500 1500 1500 1500 1500 1500 1500 1500 19 25 37 4 25 10 14 25 3 33 38 18 27 20 11 1 28 12 14 0 10 27 34 4 6 4 37 5 25 39 
1500 1500 1500 1500 1500 1500 1500 1500 1500 1500 1500 1500 1500 1500 1500 1500 1500 1500 1500 1500 1500 1500 1500 1500 1500 1500 1500 1500 1500 1500 6 8 20 37 30 21 27 23 7 24 23 15 17 18 31 36 19 22 27 11 12 27 26 37 0 4 29 1 2 22 
1500 1500 1500 1500 1500 1500 1500 1500 1500 1500 1500 1500 1500 1500 1500 1500 1500 1500 1500 1500 1500 1500 1500 1500 1500 1500 1500 1500 1500 1500 8 22 21 35 37 39 14 18 23 16 29 29 0 2 9 8 6 37 13 18 1 19 34 7 14 19 1 26 13 10 
1500 1500 1500 1500 1500 1500 1500 1500 1500 1500 1500 1500 1500 1500 1500 1500 1500 1500 1500 1500 1500 1500 1500 1500 1500 1500 1500 1500 1500 1500 18 22 26 18 0 27 25 9 20 12 11 17 7 26 11 0 37 24 37 0 21 11 27 39 14 20 32 31 15 4 
1500 1500 1500 1500 1500 1500 1500 1500 1500 1500 1500 1500 1500 1500 1500 1500 1500 1500 1500 1500 1500 1500 1500 1500 1500 1500 1500 1500 1500 1500 38 27 26 15 31 12 36 23 27 39 33 15 28 31 28 35 9 36 13 13 30 16 24 35 12 7 3 6 28 21 
1500 1500 1500 1500 1500 1500 1500 1500 1500 1500 1500 1500 1500 1500 1500 1500 1500 1500 1500 1500 1500 1500 1500 1500 1500 1500 1500 1500 1500 1500 22 0 24 33 24 17 25 16 5 35 17 36 11 33 14 31 33 25 17 35 38 11 16 22 21 34 16 32 5 35 
1500 1500 1500 1500 1500 1500 1500 1500 1500 1500 1500 1500 1500 1500 1500 1500 1500 1500 1500 1500 1500 1500 1500 1500 1500 1500 1500 1500 1500 1500 30 33 39 23 1 14 11 25 7 27 29 31 9 35 35 28 4 7 23 8 19 32 19 1 35 33 30 32 31 20 
1500 1500 1500 1500 1500 1500 1500 1500 1500 1500 1500 1500 1500 1500 1500 1500 1500 1500 1500 1500 1500 1500 1500 1500 1500 1500 1500 1500 1500 1500 8 38 22 30 11 17 3 22 17 22 5 18 39 16 32 26 5 35 30 24 15 29 29 34 32 13 33 16 28 8 
1500 1500 1500 1500 1500 1500 1500 1500 1500 1500 1500 1500 1500 1500 1500 1500 1500 1500 1500 1500 1500 1500 1500 1500 1500 1500 1500 1500 1500 1500 19 37 12 17 18 10 7 17 16 37 38 3 30 16 14 12 11 12 27 21 19 15 24 38 21 28 8 32 1 6 
1500 1500 1500 1500 1500 1500 1500 1500 1500 1500 1500 1500 1500 1500 1500 1500 1500 1500 1500 1500 1500 1500 1500 1500 1500 1500 1500 1500 1500 1500 28 22 28 26 21 25 36 26 26 37 14 2 35 12 21 9 4 25 35 34 10 9 38 32 11 2 29 14 34 32 
1500 1500 1500 1500 1500 1500 1500 1500 1500 1500 1500 1500 1500 1500 1500 1500 1500 1500 1500 1500 1500 1500 1500 1500 1500 1500 1500 1500 1500 1500 19 1 36 3 14 5 2 31 27 38 16 21 12 16 36 5 33 9 20 23 8 17 20 25 8 16 17 1 8 25 
1500 1500 1500 1500 1500 1500 1500 1500 1500 1500 1500 1500 1500 1500 1500 1500 1500 1500 1500 1500 1500 1500 1500 1500 1500 1500 1500 1500 1500 1500 22 18 37 34 29 17 1 1 1 29 21 35 8 29 4 21 12 10 11 20 34 35 37 33 25 13 35 15 25 15 
1500 1500 1500 1500 1500 1500 1500 1500 1500 1500 1500 1500 1500 1500 1500 1500 1500 1500 1500 1500 1500 1500 1500 1500 1500 1500 1500 1500 1500 1500 38 23 20 7 35 14 35 35 6 16 15 6 21 37 4 14 9 19 4 16 22 17 20 17 34 32 9 7 16 39 
1500 1500 1500 1500 1500 1500 1500 1500 1500 1500 1500 1500 1500 1500 1500 1500 1500 1500 1500 1500 1500 1500 1500 1500 1500 1500 1500 1500 1500 1500 24 32 5 33 4 16 38 19 16 36 13 28 7 21 13 23 1 34 9 38 20 2 39 17 14 0 33 16 27 29 
1500 1500 1500 1500 1500 1500 1500 1500 1500 1500 1500 1500 1500 1500 1500 1500 1500 1500 1500 1500 1500 1500 1500 1500 1500 1500 1500 1500 1500 1500 14 15 32 3 5 39 39 1 14 28 16 14 29 19 20 28 8 14 29 34 26 1 1 16 1 11 10 8 10 2 
1500 1500 1500 1500 1500 1500 1500 1500 1500 1500 1500 1500 1500 1500 1500 1500 1500 1500 1500 1500 1500 1500 1500 1500 1500 1500 1500 1500 1500 1500 12 38 14 23 31 2 10 9 14 5 26 23 8 31 15 1 3 20 0 30 32 35 35 7 8 9 19 1 11 15 
1500 1500 1500 1500 1500 1500 1500 1500 1500 1500 1500 1500 1500 1500 1500 1500 1500 1500 1500 1500 1500 1500 1500 1500 1500 1500 1500 1500 1500 1500 0 19 34 39 1 38 17 27 31 37 13 16 19 33 12 14 2 11 6 37 19 36 28 14 21 5 2 6 35 14 
1500 1500 1500 1500 1500 1500 1500 1500 1500 1500 1500 1500 1500 1500 1500 1500 1500 1500 1500 1500 1500 1500 1500 1500 1500 1500 1500 1500 1500 1500 19 1 4 0 4 35 16 2 29 19 11 22 34 4 22 5 32 24 25 5 30 6 27 19 31 4 19 5 1 39 
1500 1500 1500 1500 1500 1500 1500 1500 1500 1500 1500 1500 1500 1500 1500 1500 1500 1500 1500 1500 1500 1500 1500 1500 1500 1500 1500 1500 1500 1500 28 24 31 35 37 29 39 7 8 27 32 6 23 24 9 7 26 27 3 23 31 22 13 35 8 38 23 15 12 28 
