10 200 30 30 500 44
1500 1500 1500 1500 1500 1500 1500 1500 1500 1500 1500 1500 1500 1500 1500 1500 1500 1500 1500 1500 1500 1500 1500 1500 1500 1500 1500 1500 1500 1500 24 13 2 34 22 30 5 22 15 21 25 21 19 25 13 11 36 24 9 8 34 17 31 26 12 18 22 0 27 13 
1500 1500 1500 1500 1500 1500 1500 1500 1500 1500 1500 1500 1500 1500 1500 1500 1500 1500 1500 1500 1500 1500 1500 1500 1500 1500 1500 1500 1500 1500 11 19 35 25 21 14 22 26 9 26 18 14 6 27 4 10 19 6 12 26 19 31 8 28 1 5 34 3 31 36 
1500 1500 1500 1500 1500 1500 1500 1500 1500 1500 1500 1500 1500 1500 1500 1500 1500 1500 1500 1500 1500 1500 1500 1500 1500 1500 1500 1500 1500 1500 31 33 13 12 24 26 9 22 17 30 30 0 23 17 29 24 1 28 23 13 26 28 12 28 32 11 25 31 34 15 
1500 1500 1500 1500 1500 1500 1500 1500 1500 1500 1500 1500 1500 1500 1500 1500 1500 1500 1500 1500 1500 1500 1500 1500 1500 1500 1500 1500 1500 1500 19 37 36 5 2 23 19 34 22 10 39 31 17 37 38 5 26 19 12 3 35 19 2 22 1 6 13 11 21 2 
1500 1500 1500 1500 1500 1500 1500 1500 1500 1500 1500 1500 1500 1500 1500 1500 1500 1500 1500 1500 1500 1500 1500 1500 1500 1500 1500 1500 1500 1500 14 13 35 19 35 8 17 19 30 19 11 27 0 3 32 25 34 7 15 1 8 38 8 33 5 18 2 34 27 9 
1500 1500 1500 1500 1500 1500 1500 1500 1500 1500 1500 1500 1500 1500 1500 1500 1500 1500 1500 1500 1500 1500 1500 1500 1500 1500 1500 1500 1500 1500 17 33 4 34 21 19 39 24 39 6 19 29 19 30 37 29 22 39 31 10 20 22 38 9 17 2 34 29 39 18 
1500 1500 1500 1500 1500 1500 1500 1500 1500 1500 1500 1500 1500 1500 1500 1500 1500 1500 1500 1500 1500 1500 1500 1500 1500 1500 1500 1500 1500 1500 20 9 33 21 22 7 9 12 39 36 5 12 15 33 0 24 24 17 28 39 14 3 18 5 38 19 6 15 3 21 
1500 1500 1500 1500 1500 1500 1500 1500 1500 1500 1500 1500 1500 1500 1500 1500 1500 1500 1500 1500 1500 1500 1500 1500 1500 1500 1500 1500 1500 1500 37 28 17 4 9 10 17 23 1 20 28 15 9 38 5 23 16 17 28 34 24 18 26 23 12 11 20 6 8 7 
1500 1500 1500 1500 1500 1500 1500 1500 1500 1500 1500 1500 1500 1500 1500 1500 1500 1500 1500 1500 1500 1500 1500 1500 1500 1500 1500 1500 1500 1500 37 31 18 38 37 30 21 33 6 27 22 37 35 34 8 34 1 23 23 31 7 36 21 8 0 37 8 6 3 25 
1500 1500 1500 1500 1500 1500 1500 1500 1500 1500 1500 1500 1500 1500 1500 1500 1500 1500 1500 1500 1500 1500 1500 1500 1500 1500 1500 1500 1500 1500 21 19 34 9 23 30 15 25 30 31 0 3 34 17 9 5 2 4 21 14 5 25 5 11 22 13 18 1 9 34 
1500 1500 1500 1500 1500 1500 1500 1500 1500 1500 1500 1500 1500 1500 1500 1500 1500 1500 1500 1500 1500 1500 1500 1500 1500 1500 1500 1500 1500 1500 1 0 26 34 25 25 1 18 21 15 5 23 7 15 32 8 11 20 38 11 26 32 6 5 14 0 18 34 11 39 
1500 1500 1500 1500 1500 1500 1500 1500 1500 1500 1500 1500 1500 1500 1500 1500 1500 1500 1500 1500 1500 1500 1500 1500 1500 1500 1500 1500 1500 1500 27 1 28 37 7 35 6 24 17 0 37 16 10 3 34 9 1 4 38 32 16 15 39 15 34 31 7 23 17 31 
1500 1500 1500 1500 1500 1500 1500 1500 1500 1500 1500 1500 1500 1500 1500 1500 1500 1500 1500 1500 1500 1500 1500 1500 1500 1500 1500 1500 1500 1500 18 6 2 38 0 27 5 17 24 2 14 29 22 23 10 21 24 20 24 29 25 34 15 16 4 24 38 17 24 3 
1500 1500 1500 1500 1500 1500 1500 1500 1500 1500 1500 1500 1500 1500 1500 1500 1500 1500 1500 1500 1500 1500 1500 1500 1500 1500 1500 1500 1500 1500 4 32 4 36 35 37 12 16 37 39 2 28 17 1 10 35 20 4 21 31 11 12 6 23 11 24 2 24 14 5 
1500 1500 1500 1500 1500 1500 1500 1500 1500 1500 1500 1500 1500 1500 1500 1500 1500 1500 1500 1500 1500 1500 1500 1500 1500 1500 1500 1500 1500 1500 37 0 22 1 14 9 39 30 3 32 31 5 8 7 4 25 34 9 8 18 30 34 33 5 34 0 28 35 31 10 
1500 1500 1500 1500 1500 1500 1500 1500 1500 1500 1500 1500 1500 1500 1500 1500 1500 1500 1500 1500 1500 1500 1500 1500 1500 1500 1500 1500 1500 1500 19 14 25 18 11 9 37 34 39 18 26 21 30 25 12 21 17 37 38 15 5 12 33 23 14 32 33 8 39 0 
1500 1500 1500 1500 1500 1500 1500 1500 1500 1500 1500 1500 1500 1500 1500 1500 1500 1500 1500 1500 1500 1500 1500 1500 1500 1500 1500 1500 1500 1500 13 38 9 17 8 26 38 35 13 20 33 1 24 36 2 21 20 11 15 14 30 4 4 21 10 8 26 35 18 11 
1500 1500 1500 1500 1500 1500 1500 1500 1500 1500 1500 1500 1500 1500 1500 1500 1500 1500 1500 1500 1500 1500 1500 1500 1500 1500 1500 1500 1500 1500 3 11 10 18 15 23 14 21 16 37 9 37 21 38 37 36 16 9 15 29 25 17 26 7 20 32 24 29 0 6 
1500 1500 1500 1500 1500 1500 1500 1500 1500 1500 1500 1500 1500 1500 1500 1500 1500 1500 1500 1500 1500 1500 1500 1500 1500 1500 1500 1500 1500 1500 23 24 14 17 32 19 7 24 29 10 8 7 35 14 0 4 33 33 37 31 37 26 27 0 15 4 24 32 38 23 
1500 1500 1500 1500 1500 1500 1500 1500 1500 1500 1500 1500 1500 1500 1500 1500 1500 1500 1500 1500 1500 1500 1500 1500 1500 1500 1500 1500 1500 1500 2 8 15 10 19 13 38 7 33 15 39 31 19 13 31 38 10 31 16 22 10 14 21 16 36 37 13 36 17 12 
1500 1500 1500 1500 1500 1500 1500 1500 1500 1500 1500 1500 1500 1500 1500 1500 1500 1500 1500 1500 1500 1500 1500 1500 1500 1500 1500 1500 1500 1500 16 33 34 11 11 17 9 17 30 8 4 19 10 32 14 1 18 3 22 20 27 29 31 6 3 38 28 13 12 18 
1500 1500 1500 1500 1500 1500 1500 1500 1500 1500 1500 1500 1500 1500 1500 1500 1500 1500 1500 1500 1500 1500 1500 1500 1500 1500 1500 1500 1500 1500 20 20 5 28 11 26 19 30 32 15 36 27 28 10 1 20 7 35 31 18 10 37 13 13 30 37 0 6 4 31 
1500 1500 1500 1500 1500 1500 1500 1500 1500 1500 1500 1500 1500 1500 1500 1500 1500 1500 1500 1500 1500 1500 1500 1500 1500 1500 1500 1500 1500 1500 24 8 5 15 27 12 22 0 5 7 12 3 33 22 15 28 38 11 33 19 10 27 37 8 6 10 17 26 30 19 
1500 1500 1500 1500 1500 1500 1500 1500 1500 1500 1500 1500 1500 1500 1500 1500 1500 1500 1500 1500 1500 1500 1500 1500 1500 1500 1500 1500 1500 1500 28 24 19 14 36 21 4 32 16 39 38 7 18 9 3 24 8 17 1 2 35 37 2 33 29 2 35 9 28 28 
1500 1500 1500 1500 1500 1500 1500 1500 1500 1500 1500 1500 1500 1500 1500 1500 1500 1500 1500 1500 1500 1500 1500 1500 1500 1500 1500 1500 1500 1500 33 22 4 6 9 32 36 17 23 20 25 5 26 36 26 18 15 18 23 24 37 17 28 17 34 13 21 31 38 7 
1500 1500 1500 1500 1500 1500 1500 1500 1500 1500 1500 1500 1500 1500 1500 1500 1500 1500 1500 1500 1500 1500 1500 1500 1500 1500 1500 1500 1500 1500 1 11 13 32 3 1 0 16 20 32 35 17 28 39 26 28 37 27 30 22 13 3 31 13 20 8 11 9 5 33 
1500 1500 1500 1500 1500 1500 1500 1500 1500 1500 1500 1500 1500 1500 1500 1500 1500 1500 1500 1500 1500 1500 1500 1500 1500 1500 1500 1500 1500 1500 27 16 7 29 14 19 9 36 26 1 14 11 0 9 2 34 15 35 19 34 5 9 35 29 14 37 11 0 15 0 
1500 1500 1500 1500 1500 1500 1500 1500 1500 1500 1500 1500 1500 1500 1500 1500 1500 1500 1500 1500 1500 1500 1500 1500 1500 1500 1500 1500 1500 1500 26 22 34 7 31 38 14 12 14 35 9 30 5 32 17 4 17 27 20 34 34 6 35 11 22 33 21 3 39 27 
1500 1500 1500 1500 1500 1500 1500 1500 1500 1500 1500 1500 1500 1500 1500 1500 1500 1500 1500 1500 1500 1500 1500 1500 1500 1500 1500 1500 1500 1500 28 20 19 31 26 34 39 25 30 7 25 0 39 11 3 28 1 12 2 28 0 34 13 17 11 30 14 30 20 18 
1500 1500 1500 1500 1500 1500 1500 1500 1500 1500 1500 1500 1500 1500 1500 1500 1500 1500 1500 1500 1500 1500 1500 1500 1500 1500 1500 1500 1500 1500 18 23 34 23 31 5 19 15 35 33 29 39 5 6 26 14 22 23 14 31 14 9 29 5 34 20 14 1 38 35 
1500 1500 1500 1500 1500 1500 1500 1500 1500 1500 1500 1500 1500 1500 1500 1500 1500 1500 1500 1500 1500 1500 1500 1500 1500 1500 1500 1500 1500 1500 37 28 37 32 31 0 23 4 22 23 24 13 0 17 1 19 22 3 39 7 6 32 14 27 1 31 6 24 20 4 
1500 1500 1500 1500 1500 1500 1500 1500 1500 1500 1500 1500 1500 1500 1500 1500 1500 1500 1500 1500 1500 1500 1500 1500 1500 1500 1500 1500 1500 1500 31 30 7 35 2 32 1 0 35 12 39 3 9 25 32 15 33 30 32 10 32 10 8 6 3 17 3 28 29 20 
1500 1500 1500 1500 1500 1500 1500 1500 1500 1500 1500 1500 1500 1500 1500 1500 1500 1500 1500 1500 1500 1500 1500 1500 1500 1500 1500 1500 1500 1500 30 2 3 10 30 34 7 36 38 37 26 17 7 34 8 38 7 27 37 25 18 30 8 27 26 1 16 10 36 38 
1500 1500 1500 1500 1500 1500 1500 1500 1500 1500 1500 1500 1500 1500 1500 1500 1500 1500 1500 1500 1500 1500 1500 1500 1500 1500 1500 1500 1500 1500 15 37 33 26 35 5 24 20 32 38 17 27 34 6 18 2 34 34 33 3 12 27 3 10 3 3 20 13 32 23 
1500 1500 1500 1500 1500 1500 1500 1500 1500 1500 1500 1500 1500 1500 1500 1500 1500 1500 1500 1500 1500 1500 1500 1500 1500 1500 1500 1500 1500 1500 24 30 0 32 2 28 4 10 1 23 6 38 28 3 6 30 9 18 36 29 10 5 35 33 11 14 30 5 35 14 
1500 1500 1500 1500 1500 1500 1500 1500 1500 1500 1500 1500 1500 1500 1500 1500 1500 1500 1500 1500 1500 1500 1500 1500 1500 1500 1500 1500 1500 1500 12 5 1 39 13 25 6 33 34 25 14 13 10 29 11 15 19 23 33 10 3 24 35 28 17 1 15 27 38 39 
1500 1500 1500 1500 1500 1500 1500 1500 1500 1500 1500 1500 1500 1500 1500 1500 1500 1500 1500 1500 1500 1500 1500 1500 1500 1500 1500 1500 1500 1500 37 7 12 29 27 17 25 10 5 11 6 5 0 13 18 30 20 22 24 9 6 2 34 35 5 38 3 24 22 0 
1500 1500 1500 1500 1500 1500 1500 1500 1500 1500 1500 1500 1500 1500 1500 1500 1500 1500 1500 1500 1500 1500 1500 1500 1500 1500 1500 1500 1500 1500 35 26 36 31 27 35 35 12 32 20 31 19 8 23 30 11 22 36 34 8 29 9 4 8 2 16 6 35 19 27 
1500 1500 1500 1500 1500 1500 1500 1500 1500 1500 1500 1500 1500 1500 1500 1500 1500 1500 1500 1500 1500 1500 1500 1500 1500 1500 1500 1500 1500 1500 36 20 15 1 27 25 22 14 18 23 18 24 28 29 2 1 39 29 23 33 24 3 3 33 29 0 13 2 23 38 
1500 1500 1500 1500 1500 1500 1500 1500 1500 1500 1500 1500 1500 1500 1500 1500 1500 1500 1500 1500 1500 1500 1500 1500 1500 1500 1500 1500 1500 1500 14 5 31 37 2 38 4 17 4 28 22 29 18 33 4 27 35 11 3 32 35 5 22 39 17 4 8 8 27 28 
1500 1500 1500 1500 1500 1500 1500 1500 1500 1500 1500 1500 1500 1500 1500 1500 1500 1500 1500 1500 1500 1500 1500 1500 1500 1500 1500 1500 1500 1500 28 25 19 26 16 13 17 39 11 6 26 39 34 31 30 23 33 30 10 21 3 0 12 35 24 19 17 7 4 31 
1500 1500 1500 1500 1500 1500 1500 1500 1500 1500 1500 1500 1500 1500 1500 1500 1500 1500 1500 1500 1500 1500 1500 1500 1500 1500 1500 1500 1500 1500 20 24 13 35 18 9 21 24 24 34 32 19 10 2 16 39 5 23 30 7 23 15 13 11 14 5 8 35 8 5 
1500 1500 1500 1500 1500 1500 1500 1500 1500 1500 1500 1500 1500 1500 1500 1500 1500 1500 1500 1500 1500 1500 1500 1500 1500 1500 1500 1500 1500 1500 27 27 16 2 34 12 24 2 34 36 16 25 34 39 32 5 30 38 17 11 19 24 21 28 22 4 11 32 26 13 
1500 1500 1500 1500 1500 1500 1500 1500 1500 1500 1500 1500 1500 1500 1500 1500 1500 1500 1500 1500 1500 1500 1500 1500 1500 1500 1500 1500 1500 1500 6 15 4 25 20 0 30 39 31 15 28 26 26 19 20 9 33 37 22 15 0 17 27 26 13 6 9 37 39 23 
