10 200 30 30 500 41
1500 1500 1500 1500 1500 1500 1500 1500 1500 1500 1500 1500 1500 1500 1500 1500 1500 1500 1500 1500 1500 1500 1500 1500 1500 1500 1500 1500 1500 1500 23 22 8 17 4 34 34 39 12 19 35 35 23 7 25 28 31 30 13 12 11 24 2 37 1 8 30 34 7 17 
1500 1500 1500 1500 1500 1500 1500 1500 1500 1500 1500 1500 1500 1500 1500 1500 1500 1500 1500 1500 1500 1500 1500 1500 1500 1500 1500 1500 1500 1500 37 9 8 25 37 26 14 19 26 32 32 28 5 27 21 4 0 36 22 6 8 29 24 8 11 29 28 6 29 26 
1500 1500 1500 1500 1500 1500 1500 1500 1500 1500 1500 1500 1500 1500 1500 1500 1500 1500 1500 1500 1500 1500 1500 1500 1500 1500 1500 1500 1500 1500 15 8 9 3 24 1 16 8 37 37 31 11 3 24 23 39 36 20 38 25 7 11 4 36 17 6 0 13 18 9 
1500 1500 1500 1500 1500 1500 1500 1500 1500 1500 1500 1500 1500 1500 1500 1500 1500 1500 1500 1500 1500 1500 1500 1500 1500 1500 1500 1500 1500 1500 10 35 31 22 13 10 23 6 24 35 30 34 9 34 34 1 18 6 18 16 33 23 15 37 19 16 4 5 1 3 
1500 1500 1500 1500 1500 1500 1500 1500 1500 1500 1500 1500 1500 1500 1500 1500 1500 1500 1500 1500 1500 1500 1500 1500 1500 1500 1500 1500 1500 1500 23 30 29 8 28 6 37 5 23 18 18 12 18 31 10 5 10 2 39 0 3 20 32 24 39 18 36 5 8 4 
1500 1500 1500 1500 1500 1500 1500 1500 1500 1500 1500 1500 1500 1500 1500 1500 1500 1500 1500 1500 1500 1500 1500 1500 1500 1500 1500 1500 1500 1500 7 3 22 36 29 27 15 9 4 7 23 17 32 11 6 11 22 6 15 26 35 13 15 26 5 17 38 6 6 5 
1500 1500 1500 1500 1500 1500 1500 1500 1500 1500 1500 1500 1500 1500 1500 1500 1500 1500 1500 1500 1500 1500 1500 1500 1500 1500 1500 1500 1500 1500 4 0 6 21 1 11 37 15 33 26 22 34 16 34 3 21 21 22 22 12 16 9 25 6 39 21 9 35 7 37 
1500 1500 1500 1500 1500 1500 1500 1500 1500 1500 1500 1500 1500 1500 1500 1500 1500 1500 1500 1500 1500 1500 1500 1500 1500 1500 1500 1500 1500 1500 24 15 3 25 30 39 27 11 4 5 13 37 21 34 16 37 8 0 5 26 4 24 24 32 27 4 39 36 8 0 
1500 1500 1500 1500 1500 1500 1500 1500 1500 1500 1500 1500 1500 1500 1500 1500 1500 1500 1500 1500 1500 1500 1500 1500 1500 1500 1500 1500 1500 1500 16 16 28 0 12 7 31 35 16 34 33 13 9 6 8 22 0 5 10 14 23 11 19 2 29 38 26 24 30 14 
1500 1500 1500 1500 1500 1500 1500 1500 1500 1500 1500 1500 1500 1500 1500 1500 1500 1500 1500 1500 1500 1500 1500 1500 1500 1500 1500 1500 1500 1500 25 2 33 16 29 23 6 35 20 17 38 10 10 28 16 1 8 9 32 35 19 23 34 12 23 12 24 32 0 9 
1500 1500 1500 1500 1500 1500 1500 1500 1500 1500 1500 1500 1500 1500 1500 1500 1500 1500 1500 1500 1500 1500 1500 1500 1500 1500 1500 1500 1500 1500 35 20 28 0 2 31 28 33 23 12 39 38 16 2 7 17 24 19 23 31 31 16 27 30 26 29 19 2 21 13 
1500 1500 1500 1500 1500 1500 1500 1500 1500 1500 1500 1500 1500 1500 1500 1500 1500 1500 1500 1500 1500 1500 1500 1500 1500 1500 1500 1500 1500 1500 14 9 27 14 1 18 0 23 3 31 34 9 23 39 23 33 1 30 26 24 6 21 26 35 39 20 8 12 1 31 
1500 1500 1500 1500 1500 1500 1500 1500 1500 1500 1500 1500 1500 1500 1500 1500 1500 1500 1500 1500 1500 1500 1500 1500 1500 1500 1500 1500 1500 1500 12 7 20 1 33 30 17 11 0 4 6 31 2 21 25 15 39 18 35 37 37 11 33 25 12 30 13 10 35 32 
1500 1500 1500 1500 1500 1500 1500 1500 1500 1500 1500 1500 1500 1500 1500 1500 1500 1500 1500 1500 1500 1500 1500 1500 1500 1500 1500 1500 1500 1500 14 34 12 35 4 34 5 13 2 29 1 17 27 4 15 33 23 4 19 24 24 1 5 35 9 29 10 13 36 35 
1500 1500 1500 1500 1500 1500 1500 1500 1500 1500 1500 1500 1500 1500 1500 1500 1500 1500 1500 1500 1500 1500 1500 1500 1500 1500 1500 1500 1500 1500 34 14 23 18 4 10 39 32 32 27 18 5 36 4 21 32 30 35 18 7 19 35 32 37 26 34 5 10 14 26 
1500 1500 1500 1500 1500 1500 1500 1500 1500 1500 1500 1500 1500 1500 1500 1500 1500 1500 1500 1500 1500 1500 1500 1500 1500 1500 1500 1500 1500 1500 10 19 32 10 28 33 33 18 34 10 24 0 1 28 1 38 29 33 35 25 32 4 32 9 18 18 18 16 37 36 
1500 1500 1500 1500 1500 1500 1500 1500 1500 1500 1500 1500 1500 1500 1500 1500 1500 1500 1500 1500 1500 1500 1500 1500 1500 1500 1500 1500 1500 1500 35 36 1 21 0 36 25 18 14 16 6 36 13 11 12 18 7 18 23 8 5 10 39 2 7 21 36 27 28 26 
1500 1500 1500 1500 1500 1500 1500 1500 1500 1500 1500 1500 1500 1500 1500 1500 1500 1500 1500 1500 1500 1500 1500 1500 1500 1500 1500 1500 1500 1500 20 3 32 34 8 10 11 12 30 36 8 23 30 6 23 17 28 21 11 12 11 38 31 23 7 27 32 0 21 34 
1500 1500 1500 1500 1500 1500 1500 1500 1500 1500 1500 1500 1500 1500 1500 1500 1500 1500 1500 1500 1500 1500 1500 1500 1500 1500 1500 1500 1500 1500 34 12 25 29 12 2 39 33 30 2 7 34 11 32 34 24 4 23 30 25 30 38 28 37 34 37 15 16 7 28 
1500 1500 1500 1500 1500 1500 1500 1500 1500 1500 1500 1500 1500 1500 1500 1500 1500 1500 1500 1500 1500 1500 1500 1500 1500 1500 1500 1500 1500 1500 7 16 14 20 32 13 19 34 36 28 23 5 3 36 9 14 2 13 22 38 37 29 26 39 18 11 32 32 21 17 
1500 1500 1500 1500 1500 1500 1500 1500 1500 1500 1500 1500 1500 1500 1500 1500 1500 1500 1500 1500 1500 1500 1500 1500 1500 1500 1500 1500 1500 1500 7 26 10 26 36 3 10 6 0 38 19 32 17 38 9 6 37 14 8 25 12 3 12 7 22 29 24 9 29 33 
1500 1500 1500 1500 1500 1500 1500 1500 1500 1500 1500 1500 1500 1500 1500 1500 1500 1500 1500 1500 1500 1500 1500 1500 1500 1500 1500 1500 1500 1500 29 39 9 18 3 37 13 27 5 32 24 28 5 36 38 24 10 0 38 25 25 12 35 17 33 24 23 38 1 7 
1500 1500 1500 1500 1500 1500 1500 1500 1500 1500 1500 1500 1500 1500 1500 1500 1500 1500 1500 1500 1500 1500 1500 1500 1500 1500 1500 1500 1500 1500 22 13 27 2 5 33 30 10 10 13 38 23 18 25 37 29 10 2 6 37 3 18 24 26 4 20 13 6 34 32 
1500 1500 1500 1500 1500 1500 1500 1500 1500 1500 1500 1500 1500 1500 1500 1500 1500 1500 1500 1500 1500 1500 1500 1500 1500 1500 1500 1500 1500 1500 13 36 25 15 38 7 38 14 0 3 22 8 13 22 9 8 1 39 22 5 10 7 34 4 9 0 5 37 11 25 
1500 1500 1500 1500 1500 1500 1500 1500 1500 1500 1500 1500 1500 1500 1500 1500 1500 1500 1500 1500 1500 1500 1500 1500 1500 1500 1500 1500 1500 1500 36 28 28 26 25 1 11 7 10 33 7 3 29 22 4 29 32 10 24 9 5 36 8 10 11 6 13 15 23 1 
1500 1500 1500 1500 1500 1500 1500 1500 1500 1500 1500 1500 1500 1500 1500 1500 1500 1500 1500 1500 1500 1500 1500 1500 1500 1500 1500 1500 1500 1500 12 7 20 39 21 1 8 23 37 38 19 0 19 18 20 37 32 20 11 26 2 10 14 4 35 9 11 25 11 11 
1500 1500 1500 1500 1500 1500 1500 1500 1500 1500 1500 1500 1500 1500 1500 1500 1500 1500 1500 1500 1500 1500 1500 1500 1500 1500 1500 1500 1500 1500 1 4 27 14 3 6 32 14 20 19 15 26 32 11 31 3 26 35 28 1 4 33 32 28 20 34 16 38 4 5 
1500 1500 1500 1500 1500 1500 1500 1500 1500 1500 1500 1500 1500 1500 1500 1500 1500 1500 1500 1500 1500 1500 1500 1500 1500 1500 1500 1500 1500 1500 39 30 35 36 6 30 28 4 8 26 29 14 7 12 0 37 25 25 0 4 5 13 12 21 29 19 14 21 17 38 
1500 1500 1500 1500 1500 1500 1500 1500 1500 1500 1500 1500 1500 1500 1500 1500 1500 1500 1500 1500 1500 1500 1500 1500 1500 1500 1500 1500 1500 1500 30 19 30 28 8 31 28 14 38 17 4 37 5 12 22 23 35 2 38 8 27 7 26 18 5 34 28 13 31 29 
1500 1500 1500 1500 1500 1500 1500 1500 1500 1500 1500 1500 1500 1500 1500 1500 1500 1500 1500 1500 1500 1500 1500 1500 1500 1500 1500 1500 1500 1500 32 27 17 25 15 20 4 39 0 19 5 24 2 3 13 4 22 37 13 19 26 18 5 12 37 7 11 7 8 31 
1500 1500 1500 1500 1500 1500 1500 1500 1500 1500 1500 1500 1500 1500 1500 1500 1500 1500 1500 1500 1500 1500 1500 1500 1500 1500 1500 1500 1500 1500 31 22 21 7 23 31 16 13 13 39 39 23 15 6 18 35 38 28 6 33 29 21 11 24 8 5 28 33 27 18 
1500 1500 1500 1500 1500 1500 1500 1500 1500 1500 1500 1500 1500 1500 1500 1500 1500 1500 1500 1500 1500 1500 1500 1500 1500 1500 1500 1500 1500 1500 6 18 11 23 22 15 33 33 10 12 27 15 23 26 35 39 32 10 2 9 29 39 4 16 8 7 1 30 39 3 
1500 1500 1500 1500 1500 1500 1500 1500 1500 1500 1500 1500 1500 1500 1500 1500 1500 1500 1500 1500 1500 1500 1500 1500 1500 1500 1500 1500 1500 1500 20 13 19 32 33 17 6 24 27 25 35 27 16 15 10 21 29 18 35 3 3 4 3 31 28 32 14 8 22 25 
1500 1500 1500 1500 1500 1500 1500 1500 1500 1500 1500 1500 1500 1500 1500 1500 1500 1500 1500 1500 1500 1500 1500 1500 1500 1500 1500 1500 1500 1500 12 5 1 1 2 20 20 23 31 22 17 4 39 24 27 1 22 4 6 36 3 18 22 34 0 32 30 35 5 36 
1500 1500 1500 1500 1500 1500 1500 1500 1500 1500 1500 1500 1500 1500 1500 1500 1500 1500 1500 1500 1500 1500 1500 1500 1500 1500 1500 1500 1500 1500 3 28 4 8 23 1 8 34 35 16 27 22 3 13 16 9 26 31 19 10 27 14 4 36 16 14 8 2 14 39 
1500 1500 1500 1500 1500 1500 1500 1500 1500 1500 1500 1500 1500 1500 1500 1500 1500 1500 1500 1500 1500 1500 1500 1500 1500 1500 1500 1500 1500 1500 33 9 1 14 32 20 30 17 14 4 26 2 13 19 10 13 31 14 6 5 14 29 0 0 36 8 26 34 19 19 
1500 1500 1500 1500 1500 1500 1500 1500 1500 1500 1500 1500 1500 1500 1500 1500 1500 1500 1500 1500 1500 1500 1500 1500 1500 1500 1500 1500 1500 1500 33 1 38 8 14 19 30 8 26 2 12 10 7 13 26 10 5 31 14 16 0 0 31 6 36 8 21 9 12 30 
1500 1500 1500 1500 1500 1500 1500 1500 1500 1500 1500 1500 1500 1500 1500 1500 1500 1500 1500 1500 1500 1500 1500 1500 1500 1500 1500 1500 1500 1500 8 9 26 7 6 16 30 39 14 22 0 15 38 35 37 30 5 0 18 16 15 31 8 20 27 3 24 23 24 6 
1500 1500 1500 1500 1500 1500 1500 1500 1500 1500 1500 1500 1500 1500 1500 1500 1500 1500 1500 1500 1500 1500 1500 1500 1500 1500 1500 1500 1500 1500 18 24 30 17 20 33 13 11 32 11 17 3 3 10 21 33 35 11 17 25 20 15 30 37 36 37 19 39 5 22 
1500 1500 1500 1500 1500 1500 1500 1500 1500 1500 1500 1500 1500 1500 1500 1500 1500 1500 1500 1500 1500 1500 1500 1500 1500 1500 1500 1500 1500 1500 28 4 19 39 18 2 28 37 13 20 25 37 33 12 15 31 5 6 30 20 14 29 22 37 31 39 5 8 39 36 
1500 1500 1500 1500 1500 1500 1500 1500 1500 1500 1500 1500 1500 1500 1500 1500 1500 1500 1500 1500 1500 1500 1500 1500 1500 1500 1500 1500 1500 1500 4 5 16 17 28 25 13 23 5 25 37 3 12 1 5 21 13 29 30 14 21 15 34 28 0 22 28 21 16 22 
