10 200 30 30 500 11
1500 1500 1500 1500 1500 1500 1500 1500 1500 1500 1500 1500 1500 1500 1500 1500 1500 1500 1500 1500 1500 1500 1500 1500 1500 1500 1500 1500 1500 1500 33 27 17 10 26 16 25 3 6 12 15 10 9 28 20 3 16 36 26 3 11 34 39 10 26 36 33 37 18 22 
1500 1500 1500 1500 1500 1500 1500 1500 1500 1500 1500 1500 1500 1500 1500 1500 1500 1500 1500 1500 1500 1500 1500 1500 1500 1500 1500 1500 1500 1500 17 31 19 30 7 34 3 8 28 29 34 9 18 2 22 9 13 7 21 11 25 18 12 5 23 22 15 38 2 19 
1500 1500 1500 1500 1500 1500 1500 1500 1500 1500 1500 1500 1500 1500 1500 1500 1500 1500 1500 1500 1500 1500 1500 1500 1500 1500 1500 1500 1500 1500 14 26 10 6 0 26 13 28 20 0 8 27 32 0 27 24 7 25 21 19 21 11 26 17 38 23 16 3 25 35 
1500 1500 1500 1500 1500 1500 1500 1500 1500 1500 1500 1500 1500 1500 1500 1500 1500 1500 1500 1500 1500 1500 1500 1500 1500 1500 1500 1500 1500 1500 10 7 12 19 14 39 23 19 33 26 11 30 4 36 20 17 37 21 10 27 9 37 11 38 24 10 12 30 18 11 
1500 1500 1500 1500 1500 1500 1500 1500 1500 1500 1500 1500 1500 1500 1500 1500 1500 1500 1500 1500 1500 1500 1500 1500 1500 1500 1500 1500 1500 1500 9 17 12 32 10 0 33 34 0 38 21 25 13 39 37 20 26 9 20 7 7 29 30 14 2 7 34 38 10 11 
1500 1500 1500 1500 1500 1500 1500 1500 1500 1500 1500 1500 1500 1500 1500 1500 1500 1500 1500 1500 1500 1500 1500 1500 1500 1500 1500 1500 1500 1500 11 30 32 8 12 10 14 39 17 16 39 36 19 10 39 22 5 22 19 37 3 19 12 34 11 23 31 3 20 11 
1500 1500 1500 1500 1500 1500 1500 1500 1500 1500 1500 1500 1500 1500 1500 1500 1500 1500 1500 1500 1500 1500 1500 1500 1500 1500 1500 1500 1500 1500 10 29 6 28 17 18 36 15 5 15 32 19 27 22 15 14 31 8 35 39 6 37 14 16 38 15 24 26 32 11 
1500 1500 1500 1500 1500 1500 1500 1500 1500 1500 1500 1500 1500 1500 1500 1500 1500 1500 1500 1500 1500 1500 1500 1500 1500 1500 1500 1500 1500 1500 34 3 17 5 36 9 32 36 1 32 19 4 7 24 23 0 2 11 14 39 22 28 15 22 20 14 11 19 23 11 
1500 1500 1500 1500 1500 1500 1500 1500 1500 1500 1500 1500 1500 1500 1500 1500 1500 1500 1500 1500 1500 1500 1500 1500 1500 1500 1500 1500 1500 1500 10 38 31 36 24 4 19 3 36 31 20 32 31 32 4 17 29 18 8 35 20 6 30 11 38 2 29 2 21 1 
1500 1500 1500 1500 1500 1500 1500 1500 1500 1500 1500 1500 1500 1500 1500 1500 1500 1500 1500 1500 1500 1500 1500 1500 1500 1500 1500 1500 1500 1500 13 15 24 9 4 21 17 26 21 33 4 24 13 6 6 29 26 0 17 22 25 29 2 12 35 10 29 9 16 26 
1500 1500 1500 1500 1500 1500 1500 1500 1500 1500 1500 1500 1500 1500 1500 1500 1500 1500 1500 1500 1500 1500 1500 1500 1500 1500 1500 1500 1500 1500 38 6 10 33 12 38 29 31 5 3 25 35 24 27 1 31 3 37 5 33 13 8 34 1 32 27 0 7 27 20 
