10 200 30 30 500 26
1500 1500 1500 1500 1500 1500 1500 1500 1500 1500 1500 1500 1500 1500 1500 1500 1500 1500 1500 1500 1500 1500 1500 1500 1500 1500 1500 1500 1500 1500 30 24 26 39 34 15 22 26 12 38 21 20 24 5 33 18 10 7 22 27 19 33 14 15 34 5 31 0 1 29 
1500 1500 1500 1500 1500 1500 1500 1500 1500 1500 1500 1500 1500 1500 1500 1500 1500 1500 1500 1500 1500 1500 1500 1500 1500 1500 1500 1500 1500 1500 3 11 28 26 12 10 7 4 36 29 16 26 24 7 24 35 27 5 2 4 39 10 18 38 29 0 30 22 28 20 
1500 1500 1500 1500 1500 1500 1500 1500 1500 1500 1500 1500 1500 1500 1500 1500 1500 1500 1500 1500 1500 1500 1500 1500 1500 1500 1500 1500 1500 1500 22 18 10 14 1 16 16 25 22 29 20 28 16 10 36 7 33 39 3 20 17 9 21 4 1 19 16 25 33 19 
1500 1500 1500 1500 1500 1500 1500 1500 1500 1500 1500 1500 1500 1500 1500 1500 1500 1500 1500 1500 1500 1500 1500 1500 1500 1500 1500 1500 1500 1500 32 4 2 2 4 27 36 9 15 36 33 9 7 29 18 29 39 34 18 2 8 16 21 2 35 8 10 27 13 7 
1500 1500 1500 1500 1500 1500 1500 1500 1500 1500 1500 1500 1500 1500 1500 1500 1500 1500 1500 1500 1500 1500 1500 1500 1500 1500 1500 1500 1500 1500 23 7 23 36 28 33 13 24 14 38 2 7 23 21 37 0 33 7 14 23 22 18 32 3 35 3 11 21 37 21 
1500 1500 1500 1500 1500 1500 1500 1500 1500 1500 1500 1500 1500 1500 1500 1500 1500 1500 1500 1500 1500 1500 1500 1500 1500 1500 1500 1500 1500 1500 36 14 34 18 9 35 33 19 1 0 22 6 15 6 38 6 14 3 29 38 12 28 39 10 22 25 33 27 4 4 
1500 1500 1500 1500 1500 1500 1500 1500 1500 1500 1500 1500 1500 1500 1500 1500 1500 1500 1500 1500 1500 1500 1500 1500 1500 1500 1500 1500 1500 1500 23 29 27 32 34 7 8 11 10 1 19 1 39 26 3 2 26 34 33 31 10 11 30 28 23 32 36 24 5 22 
1500 1500 1500 1500 1500 1500 1500 1500 1500 1500 1500 1500 1500 1500 1500 1500 1500 1500 1500 1500 1500 1500 1500 1500 1500 1500 1500 1500 1500 1500 3 32 17 20 36 31 31 3 38 22 23 0 32 21 10 35 34 21 0 28 37 35 25 35 9 26 29 20 32 27 
1500 1500 1500 1500 1500 1500 1500 1500 1500 1500 1500 1500 1500 1500 1500 1500 1500 1500 1500 1500 1500 1500 1500 1500 1500 1500 1500 1500 1500 1500 21 12 23 18 34 10 39 8 30 9 17 28 27 29 36 10 28 14 6 11 36 18 9 0 13 28 31 18 8 26 
1500 1500 1500 1500 1500 1500 1500 1500 1500 1500 1500 1500 1500 1500 1500 1500 1500 1500 1500 1500 1500 1500 1500 1500 1500 1500 1500 1500 1500 1500 35 28 36 18 21 6 24 39 19 11 19 17 32 36 1 19 15 25 39 4 1 30 38 8 38 22 28 5 39 1 
1500 1500 1500 1500 1500 1500 1500 1500 1500 1500 1500 1500 1500 1500 1500 1500 1500 1500 1500 1500 1500 1500 1500 1500 1500 1500 1500 1500 1500 1500 13 33 9 16 28 15 10 12 32 16 9 29 18 4 6 16 14 29 24 24 9 37 35 16 31 8 2 32 25 1 
1500 1500 1500 1500 1500 1500 1500 1500 1500 1500 1500 1500 1500 1500 1500 1500 1500 1500 1500 1500 1500 1500 1500 1500 1500 1500 1500 1500 1500 1500 18 19 14 1 10 1 21 24 4 32 9 30 11 33 35 26 14 23 3 0 32 23 36 23 22 14 33 2 25 18 
1500 1500 1500 1500 1500 1500 1500 1500 1500 1500 1500 1500 1500 1500 1500 1500 1500 1500 1500 1500 1500 1500 1500 1500 1500 1500 1500 1500 1500 1500 1 25 7 21 15 13 22 22 23 23 32 10 8 6 11 30 4 31 4 0 31 28 20 7 19 6 31 12 13 20 
1500 1500 1500 1500 1500 1500 1500 1500 1500 1500 1500 1500 1500 1500 1500 1500 1500 1500 1500 1500 1500 1500 1500 1500 1500 1500 1500 1500 1500 1500 15 38 22 21 32 37 33 19 7 7 29 7 1 6 25 0 38 6 20 19 25 12 25 11 2 4 35 18 30 4 
1500 1500 1500 1500 1500 1500 1500 1500 1500 1500 1500 1500 1500 1500 1500 1500 1500 1500 1500 1500 1500 1500 1500 1500 1500 1500 1500 1500 1500 1500 23 37 39 10 14 10 16 22 0 8 22 4 37 27 0 24 9 13 14 14 20 3 16 18 24 10 22 38 2 4 
1500 1500 1500 1500 1500 1500 1500 1500 1500 1500 1500 1500 1500 1500 1500 1500 1500 1500 1500 1500 1500 1500 1500 1500 1500 1500 1500 1500 1500 1500 23 33 10 19 21 10 0 2 35 26 18 28 2 5 36 29 8 21 36 5 13 24 19 26 32 12 21 23 17 21 
1500 1500 1500 1500 1500 1500 1500 1500 1500 1500 1500 1500 1500 1500 1500 1500 1500 1500 1500 1500 1500 1500 1500 1500 1500 1500 1500 1500 1500 1500 17 30 20 21 26 9 20 25 27 6 32 23 28 22 31 16 36 22 1 24 31 31 22 8 13 5 10 5 2 13 
1500 1500 1500 1500 1500 1500 1500 1500 1500 1500 1500 1500 1500 1500 1500 1500 1500 1500 1500 1500 1500 1500 1500 1500 1500 1500 1500 1500 1500 1500 23 21 18 15 24 29 22 32 17 1 35 36 24 37 21 30 6 1 24 30 31 16 17 13 36 7 7 38 36 24 
1500 1500 1500 1500 1500 1500 1500 1500 1500 1500 1500 1500 1500 1500 1500 1500 1500 1500 1500 1500 1500 1500 1500 1500 1500 1500 1500 1500 1500 1500 10 3 15 33 28 35 22 37 4 37 9 37 36 22 35 39 15 32 6 25 10 23 16 30 33 34 7 6 25 13 
1500 1500 1500 1500 1500 1500 1500 1500 1500 1500 1500 1500 1500 1500 1500 1500 1500 1500 1500 1500 1500 1500 1500 1500 1500 1500 1500 1500 1500 1500 9 1 27 27 21 1 22 25 11 28 31 21 36 32 27 35 12 23 22 39 28 2 20 21 8 25 23 31 20 19 
1500 1500 1500 1500 1500 1500 1500 1500 1500 1500 1500 1500 1500 1500 1500 1500 1500 1500 1500 1500 1500 1500 1500 1500 1500 1500 1500 1500 1500 1500 9 16 35 18 17 32 33 7 5 9 5 31 21 34 7 1 5 8 9 20 22 12 21 30 18 16 33 30 5 38 
1500 1500 1500 1500 1500 1500 1500 1500 1500 1500 1500 1500 1500 1500 1500 1500 1500 1500 1500 1500 1500 1500 1500 1500 1500 1500 1500 1500 1500 1500 37 19 6 0 18 20 10 36 28 20 7 7 4 5 13 2 30 1 22 11 3 25 35 26 20 2 21 31 15 30 
1500 1500 1500 1500 1500 1500 1500 1500 1500 1500 1500 1500 1500 1500 1500 1500 1500 1500 1500 1500 1500 1500 1500 1500 1500 1500 1500 1500 1500 1500 27 14 27 0 23 4 7 10 34 27 28 33 11 39 10 38 5 23 6 5 21 14 5 9 19 35 1 21 25 1 
1500 1500 1500 1500 1500 1500 1500 1500 1500 1500 1500 1500 1500 1500 1500 1500 1500 1500 1500 1500 1500 1500 1500 1500 1500 1500 1500 1500 1500 1500 23 27 9 10 39 29 21 26 9 7 37 15 15 14 37 0 36 5 9 18 31 18 23 8 38 15 11 8 19 18 
1500 1500 1500 1500 1500 1500 1500 1500 1500 1500 1500 1500 1500 1500 1500 1500 1500 1500 1500 1500 1500 1500 1500 1500 1500 1500 1500 1500 1500 1500 6 19 10 2 17 27 34 18 21 5 6 8 21 6 7 23 20 0 15 10 2 13 5 33 7 16 39 23 12 27 
1500 1500 1500 1500 1500 1500 1500 1500 1500 1500 1500 1500 1500 1500 1500 1500 1500 1500 1500 1500 1500 1500 1500 1500 1500 1500 1500 1500 1500 1500 22 27 2 34 22 34 26 35 8 15 16 34 5 15 19 0 26 39 36 10 24 4 19 33 13 28 39 32 32 16 
