10 200 30 30 500 36
1500 1500 1500 1500 1500 1500 1500 1500 1500 1500 1500 1500 1500 1500 1500 1500 1500 1500 1500 1500 1500 1500 1500 1500 1500 1500 1500 1500 1500 1500 3 8 30 15 0 7 6 30 4 5 35 25 21 19 38 14 32 35 20 23 12 8 11 21 17 28 22 35 0 24 
1500 1500 1500 1500 1500 1500 1500 1500 1500 1500 1500 1500 1500 1500 1500 1500 1500 1500 1500 1500 1500 1500 1500 1500 1500 1500 1500 1500 1500 1500 30 28 39 19 17 19 10 19 3 12 38 35 34 32 0 5 16 26 4 4 33 29 30 16 4 12 1 1 16 13 
1500 1500 1500 1500 1500 1500 1500 1500 1500 1500 1500 1500 1500 1500 1500 1500 1500 1500 1500 1500 1500 1500 1500 1500 1500 1500 1500 1500 1500 1500 1 15 23 39 37 21 10 5 35 35 35 31 10 33 34 3 10 24 7 14 14 1 4 12 11 36 27 3 27 4 
1500 1500 1500 1500 1500 1500 1500 1500 1500 1500 1500 1500 1500 1500 1500 1500 1500 1500 1500 1500 1500 1500 1500 1500 1500 1500 1500 1500 1500 1500 4 22 39 23 28 38 30 21 27 16 15 15 3 27 6 17 32 35 13 11 28 26 14 17 23 23 30 28 7 33 
1500 1500 1500 1500 1500 1500 1500 1500 1500 1500 1500 1500 1500 1500 1500 1500 1500 1500 1500 1500 1500 1500 1500 1500 1500 1500 1500 1500 1500 1500 4 29 5 4 38 28 32 37 19 13 36 19 33 1 0 7 27 26 9 39 22 38 16 29 15 36 24 9 30 15 
1500 1500 1500 1500 1500 1500 1500 1500 1500 1500 1500 1500 1500 1500 1500 1500 1500 1500 1500 1500 1500 1500 1500 1500 1500 1500 1500 1500 1500 1500 37 26 18 25 35 17 37 22 15 14 32 28 0 5 11 32 19 8 17 35 2 25 30 19 39 35 37 2 13 1 
1500 1500 1500 1500 1500 1500 1500 1500 1500 1500 1500 1500 1500 1500 1500 1500 1500 1500 1500 1500 1500 1500 1500 1500 1500 1500 1500 1500 1500 1500 29 30 17 6 12 5 38 37 37 33 35 10 4 25 2 0 36 26 12 36 32 13 10 22 25 6 13 16 27 10 
1500 1500 1500 1500 1500 1500 1500 1500 1500 1500 1500 1500 1500 1500 1500 1500 1500 1500 1500 1500 1500 1500 1500 1500 1500 1500 1500 1500 1500 1500 18 38 36 26 2 8 11 29 17 8 33 3 27 36 0 18 37 2 12 22 26 39 33 37 28 0 2 22 26 8 
1500 1500 1500 1500 1500 1500 1500 1500 1500 1500 1500 1500 1500 1500 1500 1500 1500 1500 1500 1500 1500 1500 1500 1500 1500 1500 1500 1500 1500 1500 6 19 23 39 33 35 23 27 15 3 16 14 34 2 28 28 20 13 6 34 4 27 33 2 30 14 32 19 35 4 
1500 1500 1500 1500 1500 1500 1500 1500 1500 1500 1500 1500 1500 1500 1500 1500 1500 1500 1500 1500 1500 1500 1500 1500 1500 1500 1500 1500 1500 1500 33 9 35 25 33 10 16 22 23 35 1 36 32 10 10 9 27 29 3 1 23 6 0 14 22 5 12 24 16 2 
1500 1500 1500 1500 1500 1500 1500 1500 1500 1500 1500 1500 1500 1500 1500 1500 1500 1500 1500 1500 1500 1500 1500 1500 1500 1500 1500 1500 1500 1500 29 38 2 18 31 35 34 31 12 37 29 20 19 24 12 9 27 19 27 17 8 26 1 28 16 23 26 3 17 5 
1500 1500 1500 1500 1500 1500 1500 1500 1500 1500 1500 1500 1500 1500 1500 1500 1500 1500 1500 1500 1500 1500 1500 1500 1500 1500 1500 1500 1500 1500 10 36 23 14 18 24 37 3 20 28 30 8 22 3 23 18 21 2 27 7 14 39 13 13 13 23 21 38 29 5 
1500 1500 1500 1500 1500 1500 1500 1500 1500 1500 1500 1500 1500 1500 1500 1500 1500 1500 1500 1500 1500 1500 1500 1500 1500 1500 1500 1500 1500 1500 28 24 35 26 33 35 6 37 3 16 2 2 20 30 3 14 27 36 27 9 4 0 29 38 25 1 32 19 13 18 
1500 1500 1500 1500 1500 1500 1500 1500 1500 1500 1500 1500 1500 1500 1500 1500 1500 1500 1500 1500 1500 1500 1500 1500 1500 1500 1500 1500 1500 1500 39 3 17 35 26 17 24 17 2 29 17 2 10 16 23 0 18 30 16 7 21 25 22 12 5 16 33 36 14 26 
1500 1500 1500 1500 1500 1500 1500 1500 1500 1500 1500 1500 1500 1500 1500 1500 1500 1500 1500 1500 1500 1500 1500 1500 1500 1500 1500 1500 1500 1500 10 29 20 21 26 20 1 7 27 18 15 36 25 9 5 26 37 20 23 4 11 15 8 14 31 3 9 27 37 2 
1500 1500 1500 1500 1500 1500 1500 1500 1500 1500 1500 1500 1500 1500 1500 1500 1500 1500 1500 1500 1500 1500 1500 1500 1500 1500 1500 1500 1500 1500 27 11 35 17 0 13 10 25 37 0 17 4 0 6 38 23 36 30 38 2 4 5 19 10 30 24 10 37 14 3 
1500 1500 1500 1500 1500 1500 1500 1500 1500 1500 1500 1500 1500 1500 1500 1500 1500 1500 1500 1500 1500 1500 1500 1500 1500 1500 1500 1500 1500 1500 1 32 1 28 24 2 13 27 39 5 18 39 30 31 24 35 19 9 7 18 14 9 18 34 21 12 13 2 37 2 
1500 1500 1500 1500 1500 1500 1500 1500 1500 1500 1500 1500 1500 1500 1500 1500 1500 1500 1500 1500 1500 1500 1500 1500 1500 1500 1500 1500 1500 1500 11 20 19 0 5 34 18 25 10 14 29 1 34 39 28 16 8 34 3 24 18 25 18 23 39 20 34 0 28 36 
1500 1500 1500 1500 1500 1500 1500 1500 1500 1500 1500 1500 1500 1500 1500 1500 1500 1500 1500 1500 1500 1500 1500 1500 1500 1500 1500 1500 1500 1500 9 18 36 10 35 24 30 20 11 7 34 33 6 38 4 19 32 13 23 14 30 6 23 32 8 24 36 32 15 2 
1500 1500 1500 1500 1500 1500 1500 1500 1500 1500 1500 1500 1500 1500 1500 1500 1500 1500 1500 1500 1500 1500 1500 1500 1500 1500 1500 1500 1500 1500 14 36 9 16 16 30 1 25 1 24 16 24 30 4 9 13 30 38 22 28 39 30 1 20 28 18 30 28 20 29 
1500 1500 1500 1500 1500 1500 1500 1500 1500 1500 1500 1500 1500 1500 1500 1500 1500 1500 1500 1500 1500 1500 1500 1500 1500 1500 1500 1500 1500 1500 15 36 10 28 9 22 31 12 30 34 18 19 2 10 25 2 5 36 36 31 14 30 26 2 19 15 34 21 21 29 
1500 1500 1500 1500 1500 1500 1500 1500 1500 1500 1500 1500 1500 1500 1500 1500 1500 1500 1500 1500 1500 1500 1500 1500 1500 1500 1500 1500 1500 1500 20 25 27 32 25 21 25 23 20 0 14 11 5 22 18 15 37 6 29 15 15 15 18 37 11 9 23 13 11 5 
1500 1500 1500 1500 1500 1500 1500 1500 1500 1500 1500 1500 1500 1500 1500 1500 1500 1500 1500 1500 1500 1500 1500 1500 1500 1500 1500 1500 1500 1500 8 6 35 23 29 26 5 26 18 39 29 23 5 7 18 39 37 8 32 37 21 23 39 29 21 11 28 14 20 24 
1500 1500 1500 1500 1500 1500 1500 1500 1500 1500 1500 1500 1500 1500 1500 1500 1500 1500 1500 1500 1500 1500 1500 1500 1500 1500 1500 1500 1500 1500 21 6 28 29 26 30 20 39 36 20 30 29 10 26 24 24 14 26 9 36 24 23 23 10 36 25 9 25 12 2 
1500 1500 1500 1500 1500 1500 1500 1500 1500 1500 1500 1500 1500 1500 1500 1500 1500 1500 1500 1500 1500 1500 1500 1500 1500 1500 1500 1500 1500 1500 20 4 20 3 5 19 5 23 5 32 1 31 8 18 11 16 25 14 12 26 26 34 30 7 28 29 18 12 6 35 
1500 1500 1500 1500 1500 1500 1500 1500 1500 1500 1500 1500 1500 1500 1500 1500 1500 1500 1500 1500 1500 1500 1500 1500 1500 1500 1500 1500 1500 1500 31 13 36 14 27 20 2 6 23 28 21 38 9 37 8 39 0 18 9 36 15 8 31 9 8 0 28 13 20 16 
1500 1500 1500 1500 1500 1500 1500 1500 1500 1500 1500 1500 1500 1500 1500 1500 1500 1500 1500 1500 1500 1500 1500 1500 1500 1500 1500 1500 1500 1500 25 22 3 34 19 9 30 29 11 33 0 4 27 38 11 16 12 8 25 30 6 33 6 21 29 17 20 7 6 24 
1500 1500 1500 1500 1500 1500 1500 1500 1500 1500 1500 1500 1500 1500 1500 1500 1500 1500 1500 1500 1500 1500 1500 1500 1500 1500 1500 1500 1500 1500 7 21 31 31 21 10 7 38 33 35 11 39 17 36 4 34 38 10 38 7 3 37 11 37 1 18 0 22 11 9 
1500 1500 1500 1500 1500 1500 1500 1500 1500 1500 1500 1500 1500 1500 1500 1500 1500 1500 1500 1500 1500 1500 1500 1500 1500 1500 1500 1500 1500 1500 24 7 38 31 39 35 12 37 18 25 27 21 14 8 0 5 0 21 38 35 25 23 13 22 13 29 13 12 2 35 
1500 1500 1500 1500 1500 1500 1500 1500 1500 1500 1500 1500 1500 1500 1500 1500 1500 1500 1500 1500 1500 1500 1500 1500 1500 1500 1500 1500 1500 1500 31 8 33 6 21 33 28 34 37 2 5 1 30 31 30 14 32 33 17 14 30 28 17 5 14 27 0 9 34 34 
1500 1500 1500 1500 1500 1500 1500 1500 1500 1500 1500 1500 1500 1500 1500 1500 1500 1500 1500 1500 1500 1500 1500 1500 1500 1500 1500 1500 1500 1500 25 7 24 2 3 38 31 24 19 23 4 29 4 37 36 21 17 26 29 23 35 5 12 5 26 17 39 36 9 2 
1500 1500 1500 1500 1500 1500 1500 1500 1500 1500 1500 1500 1500 1500 1500 1500 1500 1500 1500 1500 1500 1500 1500 1500 1500 1500 1500 1500 1500 1500 34 7 15 20 1 10 7 17 31 19 14 32 10 30 6 38 31 26 23 18 7 3 30 33 29 14 3 26 23 0 
1500 1500 1500 1500 1500 1500 1500 1500 1500 1500 1500 1500 1500 1500 1500 1500 1500 1500 1500 1500 1500 1500 1500 1500 1500 1500 1500 1500 1500 1500 29 12 0 30 38 3 32 14 25 2 20 18 6 9 9 37 4 19 29 30 39 18 6 14 14 0 36 26 39 4 
1500 1500 1500 1500 1500 1500 1500 1500 1500 1500 1500 1500 1500 1500 1500 1500 1500 1500 1500 1500 1500 1500 1500 1500 1500 1500 1500 1500 1500 1500 5 18 32 3 6 18 27 32 27 29 12 18 37 25 10 22 21 30 35 18 35 14 9 23 29 35 18 39 5 28 
1500 1500 1500 1500 1500 1500 1500 1500 1500 1500 1500 1500 1500 1500 1500 1500 1500 1500 1500 1500 1500 1500 1500 1500 1500 1500 1500 1500 1500 1500 15 33 8 11 20 36 33 18 18 3 16 39 4 20 9 10 19 28 9 28 17 14 13 31 20 9 35 31 19 15 
1500 1500 1500 1500 1500 1500 1500 1500 1500 1500 1500 1500 1500 1500 1500 1500 1500 1500 1500 1500 1500 1500 1500 1500 1500 1500 1500 1500 1500 1500 37 7 10 38 3 7 0 31 8 29 7 23 7 16 19 11 23 21 11 9 27 34 36 17 23 13 17 34 39 34 
