10 200 30 30 500 22
1500 1500 1500 1500 1500 1500 1500 1500 1500 1500 1500 1500 1500 1500 1500 1500 1500 1500 1500 1500 1500 1500 1500 1500 1500 1500 1500 1500 1500 1500 15 19 0 10 7 15 10 36 25 16 30 4 24 0 5 22 3 33 31 31 29 13 22 24 39 37 23 27 39 36 
1500 1500 1500 1500 1500 1500 1500 1500 1500 1500 1500 1500 1500 1500 1500 1500 1500 1500 1500 1500 1500 1500 1500 1500 1500 1500 1500 1500 1500 1500 28 18 38 4 36 16 1 10 11 37 23 29 29 18 23 36 24 21 28 15 9 26 12 24 31 5 36 2 15 39 
1500 1500 1500 1500 1500 1500 1500 1500 1500 1500 1500 1500 1500 1500 1500 1500 1500 1500 1500 1500 1500 1500 1500 1500 1500 1500 1500 1500 1500 1500 23 20 37 8 36 8 3 10 6 1 20 26 18 29 4 1 16 17 3 14 19 11 34 10 12 18 38 29 9 28 
1500 1500 1500 1500 1500 1500 1500 1500 1500 1500 1500 1500 1500 1500 1500 1500 1500 1500 1500 1500 1500 1500 1500 1500 1500 1500 1500 1500 1500 1500 17 10 29 10 29 24 1 1 9 12 7 26 12 14 20 15 12 36 33 10 8 38 26 16 30 32 38 33 34 34 
1500 1500 1500 1500 1500 1500 1500 1500 1500 1500 1500 1500 1500 1500 1500 1500 1500 1500 1500 1500 1500 1500 1500 1500 1500 1500 1500 1500 1500 1500 29 26 7 23 32 22 24 33 20 39 18 4 1 35 30 38 23 19 19 34 31 5 11 10 30 16 34 3 39 27 
1500 1500 1500 1500 1500 1500 1500 1500 1500 1500 1500 1500 1500 1500 1500 1500 1500 1500 1500 1500 1500 1500 1500 1500 1500 1500 1500 1500 1500 1500 17 16 10 31 1 22 35 33 0 11 10 29 19 12 4 36 19 30 39 30 35 6 3 18 39 22 9 0 14 23 
1500 1500 1500 1500 1500 1500 1500 1500 1500 1500 1500 1500 1500 1500 1500 1500 1500 1500 1500 1500 1500 1500 1500 1500 1500 1500 1500 1500 1500 1500 27 28 35 19 9 11 31 3 38 9 17 24 0 4 9 37 7 0 5 29 31 9 16 11 10 16 3 34 2 32 
1500 1500 1500 1500 1500 1500 1500 1500 1500 1500 1500 1500 1500 1500 1500 1500 1500 1500 1500 1500 1500 1500 1500 1500 1500 1500 1500 1500 1500 1500 0 9 8 29 39 33 6 9 28 22 20 7 1 36 33 19 35 8 38 37 31 21 39 3 20 0 28 30 20 38 
1500 1500 1500 1500 1500 1500 1500 1500 1500 1500 1500 1500 1500 1500 1500 1500 1500 1500 1500 1500 1500 1500 1500 1500 1500 1500 1500 1500 1500 1500 28 19 31 5 25 35 15 34 10 36 3 27 4 25 1 24 22 9 30 24 6 18 33 38 24 31 26 18 35 24 
1500 1500 1500 1500 1500 1500 1500 1500 1500 1500 1500 1500 1500 1500 1500 1500 1500 1500 1500 1500 1500 1500 1500 1500 1500 1500 1500 1500 1500 1500 24 8 35 12 3 24 21 27 37 17 8 23 23 34 24 0 6 25 22 30 16 12 15 28 28 1 11 20 17 29 
1500 1500 1500 1500 1500 1500 1500 1500 1500 1500 1500 1500 1500 1500 1500 1500 1500 1500 1500 1500 1500 1500 1500 1500 1500 1500 1500 1500 1500 1500 31 11 38 10 25 28 19 23 3 3 33 6 22 12 27 24 24 34 7 25 31 15 11 23 10 3 31 18 24 18 
1500 1500 1500 1500 1500 1500 1500 1500 1500 1500 1500 1500 1500 1500 1500 1500 1500 1500 1500 1500 1500 1500 1500 1500 1500 1500 1500 1500 1500 1500 35 20 6 26 39 36 31 15 11 1 9 36 35 39 32 37 8 16 18 21 27 31 38 1 39 23 25 23 1 28 
1500 1500 1500 1500 1500 1500 1500 1500 1500 1500 1500 1500 1500 1500 1500 1500 1500 1500 1500 1500 1500 1500 1500 1500 1500 1500 1500 1500 1500 1500 11 12 13 39 28 37 20 39 17 5 11 13 15 13 18 9 10 6 39 12 24 12 20 5 4 0 23 27 11 9 
1500 1500 1500 1500 1500 1500 1500 1500 1500 1500 1500 1500 1500 1500 1500 1500 1500 1500 1500 1500 1500 1500 1500 1500 1500 1500 1500 1500 1500 1500 9 11 28 10 27 21 18 21 26 25 1 3 33 37 1 7 39 30 30 6 5 39 19 30 8 4 36 19 14 3 
1500 1500 1500 1500 1500 1500 1500 1500 1500 1500 1500 1500 1500 1500 1500 1500 1500 1500 1500 1500 1500 1500 1500 1500 1500 1500 1500 1500 1500 1500 32 22 22 2 0 23 8 6 29 7 2 34 26 12 3 26 25 27 21 33 34 15 31 27 27 38 27 26 22 36 
1500 1500 1500 1500 1500 1500 1500 1500 1500 1500 1500 1500 1500 1500 1500 1500 1500 1500 1500 1500 1500 1500 1500 1500 1500 1500 1500 1500 1500 1500 5 10 4 6 5 8 16 3 28 5 33 32 21 24 34 8 27 1 24 3 32 6 8 28 15 13 31 14 0 10 
1500 1500 1500 1500 1500 1500 1500 1500 1500 1500 1500 1500 1500 1500 1500 1500 1500 1500 1500 1500 1500 1500 1500 1500 1500 1500 1500 1500 1500 1500 18 1 38 13 19 32 25 24 32 26 26 32 39 33 14 25 3 21 27 27 7 9 22 39 33 16 9 8 29 33 
1500 1500 1500 1500 1500 1500 1500 1500 1500 1500 1500 1500 1500 1500 1500 1500 1500 1500 1500 1500 1500 1500 1500 1500 1500 1500 1500 1500 1500 1500 34 22 4 2 0 5 15 3 7 29 24 14 32 8 39 5 35 39 35 26 7 12 10 24 34 27 37 23 14 33 
1500 1500 1500 1500 1500 1500 1500 1500 1500 1500 1500 1500 1500 1500 1500 1500 1500 1500 1500 1500 1500 1500 1500 1500 1500 1500 1500 1500 1500 1500 15 19 30 28 20 14 36 24 21 15 19 2 19 17 20 18 17 38 5 31 9 9 31 33 29 1 14 39 15 36 
1500 1500 1500 1500 1500 1500 1500 1500 1500 1500 1500 1500 1500 1500 1500 1500 1500 1500 1500 1500 1500 1500 1500 1500 1500 1500 1500 1500 1500 1500 21 2 38 3 12 37 2 13 20 26 34 10 5 38 38 21 32 7 13 34 5 5 9 7 31 27 2 19 9 19 
1500 1500 1500 1500 1500 1500 1500 1500 1500 1500 1500 1500 1500 1500 1500 1500 1500 1500 1500 1500 1500 1500 1500 1500 1500 1500 1500 1500 1500 1500 28 25 26 33 10 33 2 28 35 28 26 10 37 31 4 0 10 6 26 0 7 22 24 1 7 38 38 12 14 4 
1500 1500 1500 1500 1500 1500 1500 1500 1500 1500 1500 1500 1500 1500 1500 1500 1500 1500 1500 1500 1500 1500 1500 1500 1500 1500 1500 1500 1500 1500 22 20 25 5 26 7 37 28 37 4 22 24 8 21 2 4 21 35 39 21 3 10 23 15 4 18 15 9 35 28 
