10 200 30 30 500 21
1500 1500 1500 1500 1500 1500 1500 1500 1500 1500 1500 1500 1500 1500 1500 1500 1500 1500 1500 1500 1500 1500 1500 1500 1500 1500 1500 1500 1500 1500 26 8 37 20 14 10 25 2 30 27 23 3 32 27 12 18 10 13 8 27 35 3 19 20 39 11 26 21 1 19 
1500 1500 1500 1500 1500 1500 1500 1500 1500 1500 1500 1500 1500 1500 1500 1500 1500 1500 1500 1500 1500 1500 1500 1500 1500 1500 1500 1500 1500 1500 37 35 31 31 10 9 27 29 23 1 1 6 1 12 19 17 7 11 37 24 34 12 2 24 31 13 21 13 18 12 
1500 1500 1500 1500 1500 1500 1500 1500 1500 1500 1500 1500 1500 1500 1500 1500 1500 1500 1500 1500 1500 1500 1500 1500 1500 1500 1500 1500 1500 1500 23 31 32 37 19 7 32 29 4 25 13 14 35 34 13 38 25 10 9 10 27 24 36 31 19 13 35 39 35 15 
1500 1500 1500 1500 1500 1500 1500 1500 1500 1500 1500 1500 1500 1500 1500 1500 1500 1500 1500 1500 1500 1500 1500 1500 1500 1500 1500 1500 1500 1500 22 11 19 35 16 22 19 18 36 37 2 33 25 36 13 28 35 2 28 29 35 17 16 3 11 38 14 11 39 22 
1500 1500 1500 1500 1500 1500 1500 1500 1500 1500 1500 1500 1500 1500 1500 1500 1500 1500 1500 1500 1500 1500 1500 1500 1500 1500 1500 1500 1500 1500 4 4 0 6 1 7 3 27 12 24 39 12 33 9 9 39 2 11 25 17 4 39 0 14 16 13 5 25 24 23 
1500 1500 1500 1500 1500 1500 1500 1500 1500 1500 1500 1500 1500 1500 1500 1500 1500 1500 1500 1500 1500 1500 1500 1500 1500 1500 1500 1500 1500 1500 12 14 3 25 8 23 32 28 2 33 31 33 14 37 37 32 11 0 10 10 16 18 29 11 15 27 19 11 1 21 
1500 1500 1500 1500 1500 1500 1500 1500 1500 1500 1500 1500 1500 1500 1500 1500 1500 1500 1500 1500 1500 1500 1500 1500 1500 1500 1500 1500 1500 1500 9 14 34 20 28 5 12 12 37 35 30 11 24 30 8 22 27 17 11 16 14 26 22 33 24 10 4 29 5 33 
1500 1500 1500 1500 1500 1500 1500 1500 1500 1500 1500 1500 1500 1500 1500 1500 1500 1500 1500 1500 1500 1500 1500 1500 1500 1500 1500 1500 1500 1500 9 21 22 5 6 16 24 27 27 21 25 7 36 38 22 5 15 35 8 38 12 22 32 24 31 7 17 18 28 10 
1500 1500 1500 1500 1500 1500 1500 1500 1500 1500 1500 1500 1500 1500 1500 1500 1500 1500 1500 1500 1500 1500 1500 1500 1500 1500 1500 1500 1500 1500 37 20 17 0 25 33 32 38 30 9 31 9 9 26 33 25 5 0 25 13 10 38 21 0 17 24 10 23 18 23 
1500 1500 1500 1500 1500 1500 1500 1500 1500 1500 1500 1500 1500 1500 1500 1500 1500 1500 1500 1500 1500 1500 1500 1500 1500 1500 1500 1500 1500 1500 30 5 37 38 3 30 22 21 32 33 39 20 5 1 37 26 20 15 13 14 34 27 29 15 30 24 12 15 38 2 
1500 1500 1500 1500 1500 1500 1500 1500 1500 1500 1500 1500 1500 1500 1500 1500 1500 1500 1500 1500 1500 1500 1500 1500 1500 1500 1500 1500 1500 1500 33 30 8 31 0 3 5 39 21 9 24 30 0 18 32 36 36 11 30 30 37 39 30 6 34 36 29 12 32 8 
1500 1500 1500 1500 1500 1500 1500 1500 1500 1500 1500 1500 1500 1500 1500 1500 1500 1500 1500 1500 1500 1500 1500 1500 1500 1500 1500 1500 1500 1500 19 38 4 10 27 27 26 16 27 15 20 28 13 15 4 8 15 24 8 25 31 0 12 26 6 38 33 20 26 31 
1500 1500 1500 1500 1500 1500 1500 1500 1500 1500 1500 1500 1500 1500 1500 1500 1500 1500 1500 1500 1500 1500 1500 1500 1500 1500 1500 1500 1500 1500 8 13 4 13 30 33 30 12 14 32 22 32 22 4 27 28 34 29 30 12 32 23 35 16 6 2 25 38 21 34 
1500 1500 1500 1500 1500 1500 1500 1500 1500 1500 1500 1500 1500 1500 1500 1500 1500 1500 1500 1500 1500 1500 1500 1500 1500 1500 1500 1500 1500 1500 24 37 28 8 22 32 5 28 13 21 16 15 5 27 19 27 1 15 12 6 4 26 33 12 1 28 15 10 37 33 
1500 1500 1500 1500 1500 1500 1500 1500 1500 1500 1500 1500 1500 1500 1500 1500 1500 1500 1500 1500 1500 1500 1500 1500 1500 1500 1500 1500 1500 1500 12 21 6 34 3 20 1 37 1 31 3 16 38 14 38 1 13 37 12 29 11 25 29 34 21 28 11 18 3 3 
1500 1500 1500 1500 1500 1500 1500 1500 1500 1500 1500 1500 1500 1500 1500 1500 1500 1500 1500 1500 1500 1500 1500 1500 1500 1500 1500 1500 1500 1500 3 39 8 7 36 20 16 12 21 23 5 14 11 14 14 7 7 3 37 1 30 3 29 31 16 24 14 2 33 35 
1500 1500 1500 1500 1500 1500 1500 1500 1500 1500 1500 1500 1500 1500 1500 1500 1500 1500 1500 1500 1500 1500 1500 1500 1500 1500 1500 1500 1500 1500 24 21 11 13 37 19 27 24 23 35 33 10 34 19 4 21 27 32 6 1 37 8 5 22 33 1 9 16 10 13 
1500 1500 1500 1500 1500 1500 1500 1500 1500 1500 1500 1500 1500 1500 1500 1500 1500 1500 1500 1500 1500 1500 1500 1500 1500 1500 1500 1500 1500 1500 23 25 39 3 29 3 18 24 15 14 1 28 38 7 36 17 26 4 17 20 20 7 36 4 32 34 9 2 21 6 
1500 1500 1500 1500 1500 1500 1500 1500 1500 1500 1500 1500 1500 1500 1500 1500 1500 1500 1500 1500 1500 1500 1500 1500 1500 1500 1500 1500 1500 1500 3 33 22 19 31 10 2 17 22 26 35 24 12 6 12 32 16 12 6 13 0 2 29 10 28 9 13 19 33 39 
1500 1500 1500 1500 1500 1500 1500 1500 1500 1500 1500 1500 1500 1500 1500 1500 1500 1500 1500 1500 1500 1500 1500 1500 1500 1500 1500 1500 1500 1500 11 5 33 31 12 28 4 11 28 33 39 14 1 37 4 27 38 24 20 36 28 37 36 20 12 9 3 25 33 37 
1500 1500 1500 1500 1500 1500 1500 1500 1500 1500 1500 1500 1500 1500 1500 1500 1500 1500 1500 1500 1500 1500 1500 1500 1500 1500 1500 1500 1500 1500 34 6 30 1 7 17 38 10 22 0 24 4 19 8 1 33 36 37 31 30 39 30 34 18 10 19 5 13 20 18 
