10 200 30 30 500 45
1500 1500 1500 1500 1500 1500 1500 1500 1500 1500 1500 1500 1500 1500 1500 1500 1500 1500 1500 1500 1500 1500 1500 1500 1500 1500 1500 1500 1500 1500 10 10 12 11 38 39 28 20 12 29 9 14 23 20 36 36 38 39 35 18 31 6 12 37 18 30 18 30 10 24 
1500 1500 1500 1500 1500 1500 1500 1500 1500 1500 1500 1500 1500 1500 1500 1500 1500 1500 1500 1500 1500 1500 1500 1500 1500 1500 1500 1500 1500 1500 36 29 4 25 23 33 8 21 31 18 30 0 8 13 19 15 16 23 23 34 13 18 36 21 3 34 22 5 34 13 
1500 1500 1500 1500 1500 1500 1500 1500 1500 1500 1500 1500 1500 1500 1500 1500 1500 1500 1500 1500 1500 1500 1500 1500 1500 1500 1500 1500 1500 1500 12 15 10 15 38 15 3 12 38 15 3 11 7 33 7 10 5 7 3 38 19 1 17 25 38 0 14 22 15 37 
1500 1500 1500 1500 1500 1500 1500 1500 1500 1500 1500 1500 1500 1500 1500 1500 1500 1500 1500 1500 1500 1500 1500 1500 1500 1500 1500 1500 1500 1500 14 25 11 10 17 1 10 6 25 1 16 19 31 32 34 11 13 19 21 22 35 19 18 6 38 12 37 15 25 17 
1500 1500 1500 1500 1500 1500 1500 1500 1500 1500 1500 1500 1500 1500 1500 1500 1500 1500 1500 1500 1500 1500 1500 1500 1500 1500 1500 1500 1500 1500 38 30 35 8 39 5 29 6 30 26 38 0 34 21 9 4 27 37 23 31 32 2 14 9 27 37 17 14 30 10 
1500 1500 1500 1500 1500 1500 1500 1500 1500 1500 1500 1500 1500 1500 1500 1500 1500 1500 1500 1500 1500 1500 1500 1500 1500 1500 1500 1500 1500 1500 23 29 18 28 9 30 29 19 7 4 33 19 12 17 18 24 8 16 3 2 23 3 1 9 37 18 8 21 14 25 
1500 1500 1500 1500 1500 1500 1500 1500 1500 1500 1500 1500 1500 1500 1500 1500 1500 1500 1500 1500 1500 1500 1500 1500 1500 1500 1500 1500 1500 1500 5 24 33 18 28 29 20 26 22 26 10 0 22 32 27 33 7 32 17 26 25 11 24 14 29 15 0 17 16 17 
1500 1500 1500 1500 1500 1500 1500 1500 1500 1500 1500 1500 1500 1500 1500 1500 1500 1500 1500 1500 1500 1500 1500 1500 1500 1500 1500 1500 1500 1500 5 13 27 13 27 29 37 15 10 36 19 20 38 19 7 21 13 21 5 9 6 4 39 4 30 27 28 9 23 9 
1500 1500 1500 1500 1500 1500 1500 1500 1500 1500 1500 1500 1500 1500 1500 1500 1500 1500 1500 1500 1500 1500 1500 1500 1500 1500 1500 1500 1500 1500 37 11 20 34 32 15 16 29 10 26 25 33 10 31 32 21 12 7 22 34 28 22 22 33 29 14 37 5 0 27 
1500 1500 1500 1500 1500 1500 1500 1500 1500 1500 1500 1500 1500 1500 1500 1500 1500 1500 1500 1500 1500 1500 1500 1500 1500 1500 1500 1500 1500 1500 23 10 23 37 37 24 16 19 14 33 28 35 27 33 14 35 9 20 25 19 23 29 16 36 18 6 25 12 16 7 
1500 1500 1500 1500 1500 1500 1500 1500 1500 1500 1500 1500 1500 1500 1500 1500 1500 1500 1500 1500 1500 1500 1500 1500 1500 1500 1500 1500 1500 1500 26 37 35 11 5 19 36 28 14 29 22 19 29 30 2 37 36 12 39 33 35 36 16 37 21 24 23 32 3 19 
1500 1500 1500 1500 1500 1500 1500 1500 1500 1500 1500 1500 1500 1500 1500 1500 1500 1500 1500 1500 1500 1500 1500 1500 1500 1500 1500 1500 1500 1500 1 23 22 14 19 24 17 13 2 27 25 2 24 27 39 1 34 17 19 23 32 6 21 39 6 34 10 24 38 13 
1500 1500 1500 1500 1500 1500 1500 1500 1500 1500 1500 1500 1500 1500 1500 1500 1500 1500 1500 1500 1500 1500 1500 1500 1500 1500 1500 1500 1500 1500 8 13 3 17 17 26 20 31 26 26 8 6 33 32 39 14 18 17 15 1 19 37 33 18 23 37 33 19 7 8 
1500 1500 1500 1500 1500 1500 1500 1500 1500 1500 1500 1500 1500 1500 1500 1500 1500 1500 1500 1500 1500 1500 1500 1500 1500 1500 1500 1500 1500 1500 13 23 1 37 5 0 9 35 3 6 16 10 3 7 3 9 36 3 37 22 19 38 34 4 18 1 38 37 5 37 
1500 1500 1500 1500 1500 1500 1500 1500 1500 1500 1500 1500 1500 1500 1500 1500 1500 1500 1500 1500 1500 1500 1500 1500 1500 1500 1500 1500 1500 1500 15 14 4 17 20 14 38 14 4 7 29 39 16 36 2 19 30 12 7 21 25 35 14 4 5 36 23 24 17 21 
1500 1500 1500 1500 1500 1500 1500 1500 1500 1500 1500 1500 1500 1500 1500 1500 1500 1500 1500 1500 1500 1500 1500 1500 1500 1500 1500 1500 1500 1500 31 16 31 11 28 23 31 2 22 2 2 2 10 31 33 17 31 17 28 18 14 33 15 27 37 31 20 17 22 6 
1500 1500 1500 1500 1500 1500 1500 1500 1500 1500 1500 1500 1500 1500 1500 1500 1500 1500 1500 1500 1500 1500 1500 1500 1500 1500 1500 1500 1500 1500 11 6 27 18 24 26 22 22 6 6 28 29 11 33 15 25 31 35 20 28 6 29 31 1 33 39 12 34 10 12 
1500 1500 1500 1500 1500 1500 1500 1500 1500 1500 1500 1500 1500 1500 1500 1500 1500 1500 1500 1500 1500 1500 1500 1500 1500 1500 1500 1500 1500 1500 29 20 1 16 20 18 38 5 2 8 3 15 0 16 11 4 39 2 37 24 6 11 10 9 10 3 25 0 36 1 
1500 1500 1500 1500 1500 1500 1500 1500 1500 1500 1500 1500 1500 1500 1500 1500 1500 1500 1500 1500 1500 1500 1500 1500 1500 1500 1500 1500 1500 1500 39 23 36 19 11 12 31 33 2 39 6 5 2 16 18 34 32 36 17 20 32 32 2 9 12 38 33 34 1 2 
1500 1500 1500 1500 1500 1500 1500 1500 1500 1500 1500 1500 1500 1500 1500 1500 1500 1500 1500 1500 1500 1500 1500 1500 1500 1500 1500 1500 1500 1500 26 5 17 34 3 13 8 26 3 15 32 6 38 35 30 27 13 33 33 33 21 6 31 20 32 9 20 7 36 33 
1500 1500 1500 1500 1500 1500 1500 1500 1500 1500 1500 1500 1500 1500 1500 1500 1500 1500 1500 1500 1500 1500 1500 1500 1500 1500 1500 1500 1500 1500 36 24 34 23 8 20 33 35 37 18 22 37 28 11 31 3 11 10 4 9 35 31 2 28 14 0 24 23 6 17 
1500 1500 1500 1500 1500 1500 1500 1500 1500 1500 1500 1500 1500 1500 1500 1500 1500 1500 1500 1500 1500 1500 1500 1500 1500 1500 1500 1500 1500 1500 22 8 10 5 0 8 18 9 12 18 22 23 3 35 32 1 31 37 17 19 30 38 29 4 2 22 1 26 10 35 
1500 1500 1500 1500 1500 1500 1500 1500 1500 1500 1500 1500 1500 1500 1500 1500 1500 1500 1500 1500 1500 1500 1500 1500 1500 1500 1500 1500 1500 1500 39 11 10 30 21 26 35 9 22 14 32 29 24 10 37 15 33 30 33 1 15 10 16 18 32 38 1 28 24 26 
1500 1500 1500 1500 1500 1500 1500 1500 1500 1500 1500 1500 1500 1500 1500 1500 1500 1500 1500 1500 1500 1500 1500 1500 1500 1500 1500 1500 1500 1500 15 5 6 0 24 38 21 17 0 31 29 10 39 11 26 16 12 27 38 2 26 23 38 24 33 11 7 27 21 5 
1500 1500 1500 1500 1500 1500 1500 1500 1500 1500 1500 1500 1500 1500 1500 1500 1500 1500 1500 1500 1500 1500 1500 1500 1500 1500 1500 1500 1500 1500 27 9 19 26 38 25 24 24 11 9 14 29 15 29 21 10 16 10 39 34 15 3 18 17 21 22 24 2 9 7 
1500 1500 1500 1500 1500 1500 1500 1500 1500 1500 1500 1500 1500 1500 1500 1500 1500 1500 1500 1500 1500 1500 1500 1500 1500 1500 1500 1500 1500 1500 37 7 16 34 34 14 35 38 34 7 12 28 33 7 9 24 24 37 6 21 27 6 17 31 20 17 6 39 26 34 
1500 1500 1500 1500 1500 1500 1500 1500 1500 1500 1500 1500 1500 1500 1500 1500 1500 1500 1500 1500 1500 1500 1500 1500 1500 1500 1500 1500 1500 1500 37 0 25 36 19 33 33 15 11 19 36 10 26 18 26 28 15 9 16 19 37 0 15 39 1 12 29 33 23 7 
1500 1500 1500 1500 1500 1500 1500 1500 1500 1500 1500 1500 1500 1500 1500 1500 1500 1500 1500 1500 1500 1500 1500 1500 1500 1500 1500 1500 1500 1500 15 4 29 22 32 7 7 39 38 8 36 26 4 28 35 8 10 38 21 28 12 1 4 37 6 28 20 38 19 22 
1500 1500 1500 1500 1500 1500 1500 1500 1500 1500 1500 1500 1500 1500 1500 1500 1500 1500 1500 1500 1500 1500 1500 1500 1500 1500 1500 1500 1500 1500 21 26 37 9 31 36 31 14 8 14 33 28 32 37 19 29 3 34 25 32 35 28 23 6 26 29 14 25 33 24 
1500 1500 1500 1500 1500 1500 1500 1500 1500 1500 1500 1500 1500 1500 1500 1500 1500 1500 1500 1500 1500 1500 1500 1500 1500 1500 1500 1500 1500 1500 21 17 34 31 33 17 32 39 38 21 34 18 17 23 31 26 7 15 18 28 0 13 33 31 21 10 25 32 16 34 
1500 1500 1500 1500 1500 1500 1500 1500 1500 1500 1500 1500 1500 1500 1500 1500 1500 1500 1500 1500 1500 1500 1500 1500 1500 1500 1500 1500 1500 1500 20 28 31 4 38 38 7 5 2 39 2 33 22 31 35 13 35 2 34 12 31 35 23 3 9 17 13 27 4 34 
1500 1500 1500 1500 1500 1500 1500 1500 1500 1500 1500 1500 1500 1500 1500 1500 1500 1500 1500 1500 1500 1500 1500 1500 1500 1500 1500 1500 1500 1500 24 3 36 22 10 24 14 1 11 4 3 23 31 15 1 0 23 33 4 6 6 34 33 0 28 30 34 14 39 16 
1500 1500 1500 1500 1500 1500 1500 1500 1500 1500 1500 1500 1500 1500 1500 1500 1500 1500 1500 1500 1500 1500 1500 1500 1500 1500 1500 1500 1500 1500 11 0 39 11 27 18 9 11 31 21 11 32 38 2 35 13 35 21 34 13 34 24 3 4 2 26 26 12 13 4 
1500 1500 1500 1500 1500 1500 1500 1500 1500 1500 1500 1500 1500 1500 1500 1500 1500 1500 1500 1500 1500 1500 1500 1500 1500 1500 1500 1500 1500 1500 22 39 29 19 33 31 27 28 25 30 3 10 8 32 33 18 26 4 25 2 5 15 39 2 28 36 29 13 34 10 
1500 1500 1500 1500 1500 1500 1500 1500 1500 1500 1500 1500 1500 1500 1500 1500 1500 1500 1500 1500 1500 1500 1500 1500 1500 1500 1500 1500 1500 1500 24 23 23 29 1 16 19 13 9 20 39 19 0 27 26 29 36 5 35 7 26 20 38 35 36 6 33 8 19 1 
1500 1500 1500 1500 1500 1500 1500 1500 1500 1500 1500 1500 1500 1500 1500 1500 1500 1500 1500 1500 1500 1500 1500 1500 1500 1500 1500 1500 1500 1500 35 8 39 28 9 18 9 23 8 8 23 17 27 25 37 5 17 31 4 25 34 19 38 18 39 29 34 1 39 29 
1500 1500 1500 1500 1500 1500 1500 1500 1500 1500 1500 1500 1500 1500 1500 1500 1500 1500 1500 1500 1500 1500 1500 1500 1500 1500 1500 1500 1500 1500 5 19 6 8 34 19 13 35 4 25 39 22 9 28 7 18 0 27 30 27 18 26 34 25 37 6 9 36 23 29 
1500 1500 1500 1500 1500 1500 1500 1500 1500 1500 1500 1500 1500 1500 1500 1500 1500 1500 1500 1500 1500 1500 1500 1500 1500 1500 1500 1500 1500 1500 31 24 22 14 37 34 8 22 22 13 14 16 10 36 1 22 28 39 13 9 25 33 5 22 12 23 29 23 15 25 
1500 1500 1500 1500 1500 1500 1500 1500 1500 1500 1500 1500 1500 1500 1500 1500 1500 1500 1500 1500 1500 1500 1500 1500 1500 1500 1500 1500 1500 1500 19 18 29 16 32 37 16 4 16 31 32 24 6 11 19 29 21 4 1 13 39 0 39 28 7 6 37 15 23 2 
1500 1500 1500 1500 1500 1500 1500 1500 1500 1500 1500 1500 1500 1500 1500 1500 1500 1500 1500 1500 1500 1500 1500 1500 1500 1500 1500 1500 1500 1500 26 10 25 21 4 33 27 30 2 29 26 27 15 25 11 31 14 12 35 34 8 38 26 33 14 19 3 16 36 10 
1500 1500 1500 1500 1500 1500 1500 1500 1500 1500 1500 1500 1500 1500 1500 1500 1500 1500 1500 1500 1500 1500 1500 1500 1500 1500 1500 1500 1500 1500 14 34 34 5 19 38 32 13 31 28 16 34 31 32 39 37 3 4 15 27 26 29 19 7 33 5 9 6 37 25 
1500 1500 1500 1500 1500 1500 1500 1500 1500 1500 1500 1500 1500 1500 1500 1500 1500 1500 1500 1500 1500 1500 1500 1500 1500 1500 1500 1500 1500 1500 6 8 13 2 26 7 1 5 24 38 34 3 32 3 9 3 35 36 39 35 15 4 32 15 39 19 0 39 6 18 
1500 1500 1500 1500 1500 1500 1500 1500 1500 1500 1500 1500 1500 1500 1500 1500 1500 1500 1500 1500 1500 1500 1500 1500 1500 1500 1500 1500 1500 1500 5 37 31 16 11 17 26 28 3 17 19 18 14 27 24 7 10 19 3 1 3 23 33 33 20 16 28 35 25 10 
1500 1500 1500 1500 1500 1500 1500 1500 1500 1500 1500 1500 1500 1500 1500 1500 1500 1500 1500 1500 1500 1500 1500 1500 1500 1500 1500 1500 1500 1500 4 15 11 34 33 0 22 35 31 1 18 31 15 2 39 0 20 31 12 17 9 37 6 30 27 2 35 10 28 0 
1500 1500 1500 1500 1500 1500 1500 1500 1500 1500 1500 1500 1500 1500 1500 1500 1500 1500 1500 1500 1500 1500 1500 1500 1500 1500 1500 1500 1500 1500 15 34 10 37 9 19 0 0 9 29 8 32 13 24 36 39 13 17 39 21 10 9 1 11 25 23 27 11 23 3 
