10 200 30 30 500 17
1500 1500 1500 1500 1500 1500 1500 1500 1500 1500 1500 1500 1500 1500 1500 1500 1500 1500 1500 1500 1500 1500 1500 1500 1500 1500 1500 1500 1500 1500 21 11 6 39 19 25 23 3 1 15 34 20 8 4 31 33 34 34 15 12 7 8 1 27 15 5 10 8 19 9 
1500 1500 1500 1500 1500 1500 1500 1500 1500 1500 1500 1500 1500 1500 1500 1500 1500 1500 1500 1500 1500 1500 1500 1500 1500 1500 1500 1500 1500 1500 32 10 28 1 26 34 19 9 28 15 19 27 31 19 35 31 21 2 6 6 23 4 8 19 10 32 3 38 14 16 
1500 1500 1500 1500 1500 1500 1500 1500 1500 1500 1500 1500 1500 1500 1500 1500 1500 1500 1500 1500 1500 1500 1500 1500 1500 1500 1500 1500 1500 1500 4 12 32 24 13 28 15 10 36 18 24 32 3 0 23 33 28 21 22 11 30 8 28 5 15 38 34 28 2 10 
1500 1500 1500 1500 1500 1500 1500 1500 1500 1500 1500 1500 1500 1500 1500 1500 1500 1500 1500 1500 1500 1500 1500 1500 1500 1500 1500 1500 1500 1500 0 5 26 27 37 21 0 20 35 38 32 25 22 2 37 23 8 16 36 38 19 8 20 29 18 36 35 23 10 4 
1500 1500 1500 1500 1500 1500 1500 1500 1500 1500 1500 1500 1500 1500 1500 1500 1500 1500 1500 1500 1500 1500 1500 1500 1500 1500 1500 1500 1500 1500 12 1 33 35 39 6 8 21 19 12 34 13 13 33 3 24 32 33 16 32 22 12 6 2 5 38 24 14 30 12 
1500 1500 1500 1500 1500 1500 1500 1500 1500 1500 1500 1500 1500 1500 1500 1500 1500 1500 1500 1500 1500 1500 1500 1500 1500 1500 1500 1500 1500 1500 19 10 28 27 24 35 3 38 11 6 33 17 28 19 24 33 23 36 30 31 30 36 7 20 6 20 7 30 15 20 
1500 1500 1500 1500 1500 1500 1500 1500 1500 1500 1500 1500 1500 1500 1500 1500 1500 1500 1500 1500 1500 1500 1500 1500 1500 1500 1500 1500 1500 1500 37 25 31 27 0 15 21 16 26 36 26 10 16 10 30 39 22 16 29 22 2 33 34 38 1 32 2 24 37 6 
1500 1500 1500 1500 1500 1500 1500 1500 1500 1500 1500 1500 1500 1500 1500 1500 1500 1500 1500 1500 1500 1500 1500 1500 1500 1500 1500 1500 1500 1500 27 17 37 21 31 0 10 33 39 36 23 37 31 34 8 10 7 24 18 25 4 7 35 1 18 4 2 38 33 30 
1500 1500 1500 1500 1500 1500 1500 1500 1500 1500 1500 1500 1500 1500 1500 1500 1500 1500 1500 1500 1500 1500 1500 1500 1500 1500 1500 1500 1500 1500 20 15 12 19 19 29 23 19 39 22 26 18 7 30 25 29 27 4 33 10 9 22 19 3 28 33 32 24 29 31 
1500 1500 1500 1500 1500 1500 1500 1500 1500 1500 1500 1500 1500 1500 1500 1500 1500 1500 1500 1500 1500 1500 1500 1500 1500 1500 1500 1500 1500 1500 21 25 37 0 26 28 39 18 25 20 2 32 7 26 27 2 15 17 19 16 33 36 21 22 3 14 32 24 30 8 
1500 1500 1500 1500 1500 1500 1500 1500 1500 1500 1500 1500 1500 1500 1500 1500 1500 1500 1500 1500 1500 1500 1500 1500 1500 1500 1500 1500 1500 1500 13 36 16 4 14 25 28 37 34 13 4 30 20 19 25 28 23 0 34 12 36 6 39 37 0 29 19 16 22 18 
1500 1500 1500 1500 1500 1500 1500 1500 1500 1500 1500 1500 1500 1500 1500 1500 1500 1500 1500 1500 1500 1500 1500 1500 1500 1500 1500 1500 1500 1500 37 23 35 11 13 15 24 1 1 29 24 11 32 33 39 0 1 17 19 17 17 12 5 28 11 23 15 0 27 19 
1500 1500 1500 1500 1500 1500 1500 1500 1500 1500 1500 1500 1500 1500 1500 1500 1500 1500 1500 1500 1500 1500 1500 1500 1500 1500 1500 1500 1500 1500 18 4 21 9 16 26 8 19 1 21 13 13 31 22 34 35 26 21 29 23 6 25 25 22 5 4 4 4 27 14 
1500 1500 1500 1500 1500 1500 1500 1500 1500 1500 1500 1500 1500 1500 1500 1500 1500 1500 1500 1500 1500 1500 1500 1500 1500 1500 1500 1500 1500 1500 16 7 20 10 29 37 21 21 8 39 18 32 0 9 11 36 3 2 8 23 12 34 33 0 20 21 17 25 19 22 
1500 1500 1500 1500 1500 1500 1500 1500 1500 1500 1500 1500 1500 1500 1500 1500 1500 1500 1500 1500 1500 1500 1500 1500 1500 1500 1500 1500 1500 1500 26 34 6 27 29 0 17 30 19 15 18 16 25 36 5 11 24 20 30 24 35 10 7 12 22 7 28 9 11 29 
1500 1500 1500 1500 1500 1500 1500 1500 1500 1500 1500 1500 1500 1500 1500 1500 1500 1500 1500 1500 1500 1500 1500 1500 1500 1500 1500 1500 1500 1500 32 2 24 33 13 38 20 4 20 18 11 25 8 12 24 36 33 12 32 27 33 29 13 0 26 33 25 13 10 22 
1500 1500 1500 1500 1500 1500 1500 1500 1500 1500 1500 1500 1500 1500 1500 1500 1500 1500 1500 1500 1500 1500 1500 1500 1500 1500 1500 1500 1500 1500 31 14 29 7 26 13 32 28 22 37 35 23 1 2 20 33 20 8 18 0 13 19 12 25 37 0 28 5 29 36 
