10 200 30 30 500 37
1500 1500 1500 1500 1500 1500 1500 1500 1500 1500 1500 1500 1500 1500 1500 1500 1500 1500 1500 1500 1500 1500 1500 1500 1500 1500 1500 1500 1500 1500 11 36 10 20 11 30 26 21 22 3 31 6 23 11 10 4 9 37 27 24 17 12 16 11 22 18 25 5 38 35 
1500 1500 1500 1500 1500 1500 1500 1500 1500 1500 1500 1500 1500 1500 1500 1500 1500 1500 1500 1500 1500 1500 1500 1500 1500 1500 1500 1500 1500 1500 36 20 4 11 31 25 21 10 18 3 35 25 12 2 0 24 33 29 34 18 13 24 28 26 24 20 11 0 13 21 
1500 1500 1500 1500 1500 1500 1500 1500 1500 1500 1500 1500 1500 1500 1500 1500 1500 1500 1500 1500 1500 1500 1500 1500 1500 1500 1500 1500 1500 1500 38 22 29 14 7 29 6 23 1 6 5 24 36 31 24 20 1 3 4 25 20 33 22 18 11 19 17 16 37 39 
1500 1500 1500 1500 1500 1500 1500 1500 1500 1500 1500 1500 1500 1500 1500 1500 1500 1500 1500 1500 1500 1500 1500 1500 1500 1500 1500 1500 1500 1500 13 37 31 24 32 37 29 33 34 27 8 30 39 34 3 35 12 18 7 23 7 4 23 39 32 1 2 37 16 14 
1500 1500 1500 1500 1500 1500 1500 1500 1500 1500 1500 1500 1500 1500 1500 1500 1500 1500 1500 1500 1500 1500 1500 1500 1500 1500 1500 1500 1500 1500 32 16 37 21 6 7 37 9 11 20 1 37 39 29 1 21 36 24 32 3 21 36 36 29 9 27 34 19 19 7 
1500 1500 1500 1500 1500 1500 1500 1500 1500 1500 1500 1500 1500 1500 1500 1500 1500 1500 1500 1500 1500 1500 1500 1500 1500 1500 1500 1500 1500 1500 27 38 31 35 11 3 0 18 8 29 6 14 21 31 27 14 5 4 37 34 7 13 21 31 8 21 17 6 2 2 
1500 1500 1500 1500 1500 1500 1500 1500 1500 1500 1500 1500 1500 1500 1500 1500 1500 1500 1500 1500 1500 1500 1500 1500 1500 1500 1500 1500 1500 1500 1 11 14 23 20 18 24 35 22 26 33 27 14 4 10 27 32 16 10 22 3 32 26 33 3 8 38 26 5 38 
1500 1500 1500 1500 1500 1500 1500 1500 1500 1500 1500 1500 1500 1500 1500 1500 1500 1500 1500 1500 1500 1500 1500 1500 1500 1500 1500 1500 1500 1500 15 35 18 14 28 4 18 39 18 25 21 33 28 37 35 21 19 30 2 29 8 18 26 1 19 21 33 38 11 21 
1500 1500 1500 1500 1500 1500 1500 1500 1500 1500 1500 1500 1500 1500 1500 1500 1500 1500 1500 1500 1500 1500 1500 1500 1500 1500 1500 1500 1500 1500 6 37 23 17 25 0 24 28 5 18 27 13 15 1 20 9 24 28 36 37 9 0 31 6 29 23 31 26 19 14 
1500 1500 1500 1500 1500 1500 1500 1500 1500 1500 1500 1500 1500 1500 1500 1500 1500 1500 1500 1500 1500 1500 1500 1500 1500 1500 1500 1500 1500 1500 16 7 36 25 9 0 15 15 15 10 18 27 34 32 18 17 12 38 32 19 19 1 37 3 11 19 18 18 16 37 
1500 1500 1500 1500 1500 1500 1500 1500 1500 1500 1500 1500 1500 1500 1500 1500 1500 1500 1500 1500 1500 1500 1500 1500 1500 1500 1500 1500 1500 1500 13 39 2 34 5 15 12 25 30 5 12 35 0 16 31 29 29 9 27 34 29 25 28 15 8 38 33 3 8 3 
1500 1500 1500 1500 1500 1500 1500 1500 1500 1500 1500 1500 1500 1500 1500 1500 1500 1500 1500 1500 1500 1500 1500 1500 1500 1500 1500 1500 1500 1500 12 0 28 3 15 30 36 14 28 39 32 15 15 15 38 19 38 29 26 3 12 33 10 30 16 16 23 34 19 8 
1500 1500 1500 1500 1500 1500 1500 1500 1500 1500 1500 1500 1500 1500 1500 1500 1500 1500 1500 1500 1500 1500 1500 1500 1500 1500 1500 1500 1500 1500 38 16 1 37 4 38 16 35 14 36 2 25 25 23 9 30 37 5 36 8 6 9 37 6 21 30 30 2 0 22 
1500 1500 1500 1500 1500 1500 1500 1500 1500 1500 1500 1500 1500 1500 1500 1500 1500 1500 1500 1500 1500 1500 1500 1500 1500 1500 1500 1500 1500 1500 11 35 22 22 26 6 11 39 20 1 31 6 15 10 32 10 34 26 25 36 8 27 28 39 38 15 34 25 4 39 
1500 1500 1500 1500 1500 1500 1500 1500 1500 1500 1500 1500 1500 1500 1500 1500 1500 1500 1500 1500 1500 1500 1500 1500 1500 1500 1500 1500 1500 1500 1 7 10 39 5 11 39 18 4 25 7 24 22 34 29 22 0 39 8 32 4 13 10 9 4 2 22 34 33 18 
1500 1500 1500 1500 1500 1500 1500 1500 1500 1500 1500 1500 1500 1500 1500 1500 1500 1500 1500 1500 1500 1500 1500 1500 1500 1500 1500 1500 1500 1500 25 18 24 33 11 15 0 11 20 13 4 36 8 37 6 7 20 21 1 8 25 1 27 36 16 3 28 39 5 0 
1500 1500 1500 1500 1500 1500 1500 1500 1500 1500 1500 1500 1500 1500 1500 1500 1500 1500 1500 1500 1500 1500 1500 1500 1500 1500 1500 1500 1500 1500 38 23 6 28 4 2 25 0 19 39 2 33 15 14 14 33 18 38 18 11 3 37 8 18 23 1 10 26 30 22 
1500 1500 1500 1500 1500 1500 1500 1500 1500 1500 1500 1500 1500 1500 1500 1500 1500 1500 1500 1500 1500 1500 1500 1500 1500 1500 1500 1500 1500 1500 0 0 6 9 37 27 34 35 5 38 30 25 11 30 20 19 8 29 30 29 24 15 32 6 19 12 15 7 31 14 
1500 1500 1500 1500 1500 1500 1500 1500 1500 1500 1500 1500 1500 1500 1500 1500 1500 1500 1500 1500 1500 1500 1500 1500 1500 1500 1500 1500 1500 1500 31 15 9 7 33 34 37 11 39 37 12 20 28 20 6 37 15 23 11 4 13 25 27 24 20 20 27 37 6 0 
1500 1500 1500 1500 1500 1500 1500 1500 1500 1500 1500 1500 1500 1500 1500 1500 1500 1500 1500 1500 1500 1500 1500 1500 1500 1500 1500 1500 1500 1500 33 8 1 32 26 27 15 27 2 9 16 16 20 12 12 13 16 4 1 35 28 23 38 19 6 30 5 29 25 15 
1500 1500 1500 1500 1500 1500 1500 1500 1500 1500 1500 1500 1500 1500 1500 1500 1500 1500 1500 1500 1500 1500 1500 1500 1500 1500 1500 1500 1500 1500 35 39 9 0 20 5 31 24 16 34 24 17 39 25 14 34 17 11 5 24 26 4 34 4 13 35 38 9 19 37 
1500 1500 1500 1500 1500 1500 1500 1500 1500 1500 1500 1500 1500 1500 1500 1500 1500 1500 1500 1500 1500 1500 1500 1500 1500 1500 1500 1500 1500 1500 14 11 15 28 7 36 36 6 26 29 36 9 4 14 21 13 36 5 25 8 30 10 8 33 8 18 9 29 35 6 
1500 1500 1500 1500 1500 1500 1500 1500 1500 1500 1500 1500 1500 1500 1500 1500 1500 1500 1500 1500 1500 1500 1500 1500 1500 1500 1500 1500 1500 1500 18 17 7 14 32 1 18 28 11 30 27 36 33 21 16 15 39 37 23 23 38 3 14 3 38 14 20 5 36 11 
1500 1500 1500 1500 1500 1500 1500 1500 1500 1500 1500 1500 1500 1500 1500 1500 1500 1500 1500 1500 1500 1500 1500 1500 1500 1500 1500 1500 1500 1500 27 17 37 37 1 25 35 2 22 37 39 4 12 35 9 13 17 0 0 10 4 23 1 16 34 1 20 38 12 19 
1500 1500 1500 1500 1500 1500 1500 1500 1500 1500 1500 1500 1500 1500 1500 1500 1500 1500 1500 1500 1500 1500 1500 1500 1500 1500 1500 1500 1500 1500 17 9 31 2 26 3 19 16 3 4 21 6 0 33 23 8 1 29 28 38 33 27 10 23 30 15 32 20 23 32 
1500 1500 1500 1500 1500 1500 1500 1500 1500 1500 1500 1500 1500 1500 1500 1500 1500 1500 1500 1500 1500 1500 1500 1500 1500 1500 1500 1500 1500 1500 25 35 26 37 7 0 18 6 2 16 14 20 1 33 32 27 32 16 10 39 38 8 4 10 19 2 7 0 39 8 
1500 1500 1500 1500 1500 1500 1500 1500 1500 1500 1500 1500 1500 1500 1500 1500 1500 1500 1500 1500 1500 1500 1500 1500 1500 1500 1500 1500 1500 1500 2 12 8 19 30 10 13 27 25 4 11 19 19 33 8 14 15 35 8 35 30 9 27 36 14 26 35 30 4 11 
1500 1500 1500 1500 1500 1500 1500 1500 1500 1500 1500 1500 1500 1500 1500 1500 1500 1500 1500 1500 1500 1500 1500 1500 1500 1500 1500 1500 1500 1500 34 0 1 9 19 11 3 28 13 1 26 8 16 39 23 10 1 39 4 6 30 2 29 24 36 14 38 34 20 1 
1500 1500 1500 1500 1500 1500 1500 1500 1500 1500 1500 1500 1500 1500 1500 1500 1500 1500 1500 1500 1500 1500 1500 1500 1500 1500 1500 1500 1500 1500 11 22 5 2 29 0 17 18 10 3 22 2 11 30 0 37 33 9 4 0 18 17 19 7 30 32 19 3 12 24 
1500 1500 1500 1500 1500 1500 1500 1500 1500 1500 1500 1500 1500 1500 1500 1500 1500 1500 1500 1500 1500 1500 1500 1500 1500 1500 1500 1500 1500 1500 21 39 29 3 13 11 28 12 8 32 17 20 7 2 24 11 36 19 4 1 21 20 37 11 13 21 6 23 34 33 
1500 1500 1500 1500 1500 1500 1500 1500 1500 1500 1500 1500 1500 1500 1500 1500 1500 1500 1500 1500 1500 1500 1500 1500 1500 1500 1500 1500 1500 1500 32 28 33 36 16 31 23 12 16 11 8 21 6 20 25 24 34 6 29 14 21 23 38 0 29 34 36 27 21 9 
1500 1500 1500 1500 1500 1500 1500 1500 1500 1500 1500 1500 1500 1500 1500 1500 1500 1500 1500 1500 1500 1500 1500 1500 1500 1500 1500 1500 1500 1500 37 27 13 30 23 13 32 20 15 23 18 16 8 32 38 25 10 1 9 27 24 15 38 12 33 12 22 16 37 6 
1500 1500 1500 1500 1500 1500 1500 1500 1500 1500 1500 1500 1500 1500 1500 1500 1500 1500 1500 1500 1500 1500 1500 1500 1500 1500 1500 1500 1500 1500 31 35 32 28 28 19 17 32 13 31 1 19 9 14 18 15 33 8 2 31 3 2 25 10 23 37 28 39 6 38 
1500 1500 1500 1500 1500 1500 1500 1500 1500 1500 1500 1500 1500 1500 1500 1500 1500 1500 1500 1500 1500 1500 1500 1500 1500 1500 1500 1500 1500 1500 30 16 7 18 9 8 16 10 14 2 34 0 26 29 21 17 13 2 16 19 21 26 13 1 26 12 23 26 17 33 
1500 1500 1500 1500 1500 1500 1500 1500 1500 1500 1500 1500 1500 1500 1500 1500 1500 1500 1500 1500 1500 1500 1500 1500 1500 1500 1500 1500 1500 1500 3 18 0 37 15 32 16 27 35 9 20 2 0 16 16 21 22 39 18 26 6 23 38 35 27 22 3 3 21 38 
1500 1500 1500 1500 1500 1500 1500 1500 1500 1500 1500 1500 1500 1500 1500 1500 1500 1500 1500 1500 1500 1500 1500 1500 1500 1500 1500 1500 1500 1500 15 22 37 30 7 1 8 38 36 33 13 37 36 25 7 19 8 28 3 16 31 23 39 34 28 3 30 9 9 12 
1500 1500 1500 1500 1500 1500 1500 1500 1500 1500 1500 1500 1500 1500 1500 1500 1500 1500 1500 1500 1500 1500 1500 1500 1500 1500 1500 1500 1500 1500 13 30 35 11 8 33 28 26 13 19 25 3 29 39 21 19 21 13 21 1 16 3 14 22 1 32 17 27 29 24 
