10 200 30 30 500 42
1500 1500 1500 1500 1500 1500 1500 1500 1500 1500 1500 1500 1500 1500 1500 1500 1500 1500 1500 1500 1500 1500 1500 1500 1500 1500 1500 1500 1500 1500 31 32 3 3 28 3 24 24 20 8 23 24 18 29 27 13 7 17 22 33 12 15 16 34 35 6 14 0 9 8 
1500 1500 1500 1500 1500 1500 1500 1500 1500 1500 1500 1500 1500 1500 1500 1500 1500 1500 1500 1500 1500 1500 1500 1500 1500 1500 1500 1500 1500 1500 3 23 15 5 31 12 31 1 18 26 37 31 5 8 24 36 11 11 36 32 3 23 9 5 26 38 36 17 12 9 
1500 1500 1500 1500 1500 1500 1500 1500 1500 1500 1500 1500 1500 1500 1500 1500 1500 1500 1500 1500 1500 1500 1500 1500 1500 1500 1500 1500 1500 1500 6 8 21 10 29 18 10 36 11 4 33 4 16 16 28 6 20 0 24 0 1 15 25 27 13 5 16 27 37 11 
1500 1500 1500 1500 1500 1500 1500 1500 1500 1500 1500 1500 1500 1500 1500 1500 1500 1500 1500 1500 1500 1500 1500 1500 1500 1500 1500 1500 1500 1500 22 27 30 6 23 1 26 8 13 0 21 19 18 4 28 20 2 34 5 15 38 32 23 3 30 35 16 23 36 20 
1500 1500 1500 1500 1500 1500 1500 1500 1500 1500 1500 1500 1500 1500 1500 1500 1500 1500 1500 1500 1500 1500 1500 1500 1500 1500 1500 1500 1500 1500 14 29 2 22 1 29 10 26 4 26 2 12 30 12 2 32 12 31 2 18 14 7 7 21 8 31 32 5 26 9 
1500 1500 1500 1500 1500 1500 1500 1500 1500 1500 1500 1500 1500 1500 1500 1500 1500 1500 1500 1500 1500 1500 1500 1500 1500 1500 1500 1500 1500 1500 25 24 1 14 23 7 9 17 12 4 27 13 22 28 15 8 21 7 38 29 17 2 10 27 35 0 16 30 32 4 
1500 1500 1500 1500 1500 1500 1500 1500 1500 1500 1500 1500 1500 1500 1500 1500 1500 1500 1500 1500 1500 1500 1500 1500 1500 1500 1500 1500 1500 1500 15 13 31 30 16 31 34 31 10 20 7 17 12 22 22 6 7 12 11 0 12 25 32 20 29 35 36 2 3 12 
1500 1500 1500 1500 1500 1500 1500 1500 1500 1500 1500 1500 1500 1500 1500 1500 1500 1500 1500 1500 1500 1500 1500 1500 1500 1500 1500 1500 1500 1500 39 3 35 0 31 39 37 1 5 18 24 34 8 13 10 36 28 38 14 30 35 17 37 10 4 13 1 24 26 11 
1500 1500 1500 1500 1500 1500 1500 1500 1500 1500 1500 1500 1500 1500 1500 1500 1500 1500 1500 1500 1500 1500 1500 1500 1500 1500 1500 1500 1500 1500 26 35 25 36 20 5 24 0 23 34 22 8 38 15 15 4 7 37 16 3 7 23 19 37 16 0 6 14 15 17 
1500 1500 1500 1500 1500 1500 1500 1500 1500 1500 1500 1500 1500 1500 1500 1500 1500 1500 1500 1500 1500 1500 1500 1500 1500 1500 1500 1500 1500 1500 7 31 33 26 9 18 16 17 15 38 19 31 8 0 31 31 11 19 2 19 0 8 31 28 10 36 16 5 1 27 
1500 1500 1500 1500 1500 1500 1500 1500 1500 1500 1500 1500 1500 1500 1500 1500 1500 1500 1500 1500 1500 1500 1500 1500 1500 1500 1500 1500 1500 1500 15 38 38 22 7 33 3 31 10 9 30 18 37 5 36 7 18 21 33 13 20 15 14 23 35 28 22 30 3 16 
1500 1500 1500 1500 1500 1500 1500 1500 1500 1500 1500 1500 1500 1500 1500 1500 1500 1500 1500 1500 1500 1500 1500 1500 1500 1500 1500 1500 1500 1500 28 25 2 17 25 3 11 19 20 36 11 22 6 14 34 22 19 23 14 22 4 12 2 4 5 32 17 38 24 36 
1500 1500 1500 1500 1500 1500 1500 1500 1500 1500 1500 1500 1500 1500 1500 1500 1500 1500 1500 1500 1500 1500 1500 1500 1500 1500 1500 1500 1500 1500 19 0 2 14 15 15 26 8 1 18 14 26 7 10 30 15 7 27 15 37 28 34 30 6 6 12 18 21 9 17 
1500 1500 1500 1500 1500 1500 1500 1500 1500 1500 1500 1500 1500 1500 1500 1500 1500 1500 1500 1500 1500 1500 1500 1500 1500 1500 1500 1500 1500 1500 27 36 36 9 2 10 39 29 10 16 28 19 1 0 22 8 0 2 31 25 29 29 30 21 30 5 18 15 14 7 
1500 1500 1500 1500 1500 1500 1500 1500 1500 1500 1500 1500 1500 1500 1500 1500 1500 1500 1500 1500 1500 1500 1500 1500 1500 1500 1500 1500 1500 1500 6 8 35 20 10 14 23 11 18 13 37 14 10 27 5 39 29 18 31 5 7 31 12 25 28 23 38 7 0 27 
1500 1500 1500 1500 1500 1500 1500 1500 1500 1500 1500 1500 1500 1500 1500 1500 1500 1500 1500 1500 1500 1500 1500 1500 1500 1500 1500 1500 1500 1500 39 34 5 15 35 19 20 5 14 2 24 27 2 31 10 14 38 34 36 15 30 37 18 21 19 10 8 11 39 5 
1500 1500 1500 1500 1500 1500 1500 1500 1500 1500 1500 1500 1500 1500 1500 1500 1500 1500 1500 1500 1500 1500 1500 1500 1500 1500 1500 1500 1500 1500 0 31 30 9 1 21 35 21 27 16 33 18 30 27 13 26 9 12 14 1 30 15 31 0 2 1 16 32 18 11 
1500 1500 1500 1500 1500 1500 1500 1500 1500 1500 1500 1500 1500 1500 1500 1500 1500 1500 1500 1500 1500 1500 1500 1500 1500 1500 1500 1500 1500 1500 23 0 28 16 6 35 36 15 27 10 21 11 38 27 22 0 9 27 34 22 28 22 26 33 14 27 17 1 22 27 
1500 1500 1500 1500 1500 1500 1500 1500 1500 1500 1500 1500 1500 1500 1500 1500 1500 1500 1500 1500 1500 1500 1500 1500 1500 1500 1500 1500 1500 1500 8 38 24 4 25 1 16 21 3 20 10 9 13 13 25 13 24 18 16 28 37 4 35 2 26 7 38 38 31 9 
1500 1500 1500 1500 1500 1500 1500 1500 1500 1500 1500 1500 1500 1500 1500 1500 1500 1500 1500 1500 1500 1500 1500 1500 1500 1500 1500 1500 1500 1500 37 19 35 7 8 19 36 6 9 36 3 31 12 3 18 28 8 27 11 30 29 11 34 6 24 23 20 9 2 20 
1500 1500 1500 1500 1500 1500 1500 1500 1500 1500 1500 1500 1500 1500 1500 1500 1500 1500 1500 1500 1500 1500 1500 1500 1500 1500 1500 1500 1500 1500 1 12 9 31 9 35 24 19 5 28 1 11 5 25 24 16 33 11 16 15 34 17 6 9 39 36 11 17 39 28 
1500 1500 1500 1500 1500 1500 1500 1500 1500 1500 1500 1500 1500 1500 1500 1500 1500 1500 1500 1500 1500 1500 1500 1500 1500 1500 1500 1500 1500 1500 31 16 5 23 21 18 15 0 33 13 6 26 23 26 20 8 19 5 23 23 5 31 33 17 19 34 26 3 5 13 
1500 1500 1500 1500 1500 1500 1500 1500 1500 1500 1500 1500 1500 1500 1500 1500 1500 1500 1500 1500 1500 1500 1500 1500 1500 1500 1500 1500 1500 1500 2 31 20 5 37 10 1 3 24 10 29 23 18 11 26 7 37 33 16 13 10 22 26 29 36 10 19 38 14 15 
1500 1500 1500 1500 1500 1500 1500 1500 1500 1500 1500 1500 1500 1500 1500 1500 1500 1500 1500 1500 1500 1500 1500 1500 1500 1500 1500 1500 1500 1500 16 25 12 15 7 15 19 3 11 18 0 37 1 32 21 12 33 7 27 24 20 35 11 8 29 11 27 13 17 9 
1500 1500 1500 1500 1500 1500 1500 1500 1500 1500 1500 1500 1500 1500 1500 1500 1500 1500 1500 1500 1500 1500 1500 1500 1500 1500 1500 1500 1500 1500 28 37 8 35 13 18 18 0 28 11 4 15 36 35 14 30 21 20 19 38 21 20 8 16 16 26 12 30 13 27 
1500 1500 1500 1500 1500 1500 1500 1500 1500 1500 1500 1500 1500 1500 1500 1500 1500 1500 1500 1500 1500 1500 1500 1500 1500 1500 1500 1500 1500 1500 29 17 20 26 4 4 12 30 6 10 22 32 38 21 36 24 3 28 36 39 14 1 37 25 7 21 34 30 13 20 
1500 1500 1500 1500 1500 1500 1500 1500 1500 1500 1500 1500 1500 1500 1500 1500 1500 1500 1500 1500 1500 1500 1500 1500 1500 1500 1500 1500 1500 1500 34 12 37 37 19 15 29 39 5 36 36 25 37 34 30 39 4 17 3 20 25 14 33 11 22 5 31 16 2 34 
1500 1500 1500 1500 1500 1500 1500 1500 1500 1500 1500 1500 1500 1500 1500 1500 1500 1500 1500 1500 1500 1500 1500 1500 1500 1500 1500 1500 1500 1500 30 26 17 23 30 30 34 14 21 9 2 11 28 8 25 7 30 0 3 28 9 17 30 0 15 33 28 13 6 0 
1500 1500 1500 1500 1500 1500 1500 1500 1500 1500 1500 1500 1500 1500 1500 1500 1500 1500 1500 1500 1500 1500 1500 1500 1500 1500 1500 1500 1500 1500 5 26 38 15 17 27 9 37 27 35 11 32 13 35 21 11 11 1 38 29 14 4 8 37 14 20 30 2 6 8 
1500 1500 1500 1500 1500 1500 1500 1500 1500 1500 1500 1500 1500 1500 1500 1500 1500 1500 1500 1500 1500 1500 1500 1500 1500 1500 1500 1500 1500 1500 16 19 17 2 28 23 19 16 5 22 8 3 0 4 35 18 33 38 30 24 3 23 24 35 13 19 18 30 39 16 
1500 1500 1500 1500 1500 1500 1500 1500 1500 1500 1500 1500 1500 1500 1500 1500 1500 1500 1500 1500 1500 1500 1500 1500 1500 1500 1500 1500 1500 1500 29 6 21 16 28 9 22 39 2 4 6 36 4 14 33 32 34 22 22 31 3 34 17 11 28 38 18 30 26 20 
1500 1500 1500 1500 1500 1500 1500 1500 1500 1500 1500 1500 1500 1500 1500 1500 1500 1500 1500 1500 1500 1500 1500 1500 1500 1500 1500 1500 1500 1500 19 24 29 16 7 31 12 39 3 17 22 15 21 3 16 32 16 29 39 25 3 39 20 1 10 2 28 6 24 10 
1500 1500 1500 1500 1500 1500 1500 1500 1500 1500 1500 1500 1500 1500 1500 1500 1500 1500 1500 1500 1500 1500 1500 1500 1500 1500 1500 1500 1500 1500 5 6 39 18 21 8 27 6 10 31 7 27 9 21 16 39 4 18 33 30 22 4 38 8 26 12 4 2 5 9 
1500 1500 1500 1500 1500 1500 1500 1500 1500 1500 1500 1500 1500 1500 1500 1500 1500 1500 1500 1500 1500 1500 1500 1500 1500 1500 1500 1500 1500 1500 25 8 9 29 37 22 15 20 8 13 13 32 22 30 36 18 34 31 28 32 10 39 12 31 24 39 2 12 10 24 
1500 1500 1500 1500 1500 1500 1500 1500 1500 1500 1500 1500 1500 1500 1500 1500 1500 1500 1500 1500 1500 1500 1500 1500 1500 1500 1500 1500 1500 1500 13 17 31 17 35 17 10 36 12 0 29 29 39 33 9 0 39 14 16 23 37 11 17 5 11 4 37 10 17 9 
1500 1500 1500 1500 1500 1500 1500 1500 1500 1500 1500 1500 1500 1500 1500 1500 1500 1500 1500 1500 1500 1500 1500 1500 1500 1500 1500 1500 1500 1500 38 30 32 21 2 17 18 17 35 27 8 39 21 34 27 15 24 33 24 20 23 26 28 33 21 0 0 37 10 9 
1500 1500 1500 1500 1500 1500 1500 1500 1500 1500 1500 1500 1500 1500 1500 1500 1500 1500 1500 1500 1500 1500 1500 1500 1500 1500 1500 1500 1500 1500 1 37 6 7 3 7 31 34 27 21 17 19 35 10 35 19 17 11 16 9 2 22 32 18 18 26 8 19 33 15 
1500 1500 1500 1500 1500 1500 1500 1500 1500 1500 1500 1500 1500 1500 1500 1500 1500 1500 1500 1500 1500 1500 1500 1500 1500 1500 1500 1500 1500 1500 26 24 35 2 5 23 20 4 2 13 0 15 31 36 26 5 34 14 15 5 4 28 13 7 36 30 26 1 18 18 
1500 1500 1500 1500 1500 1500 1500 1500 1500 1500 1500 1500 1500 1500 1500 1500 1500 1500 1500 1500 1500 1500 1500 1500 1500 1500 1500 1500 1500 1500 15 13 7 7 5 19 27 30 22 7 13 29 27 9 17 39 23 9 18 10 29 22 1 18 5 22 22 6 7 9 
1500 1500 1500 1500 1500 1500 1500 1500 1500 1500 1500 1500 1500 1500 1500 1500 1500 1500 1500 1500 1500 1500 1500 1500 1500 1500 1500 1500 1500 1500 4 37 6 29 31 28 10 21 10 14 32 17 0 14 4 33 22 37 19 35 1 17 3 11 20 5 22 30 33 18 
1500 1500 1500 1500 1500 1500 1500 1500 1500 1500 1500 1500 1500 1500 1500 1500 1500 1500 1500 1500 1500 1500 1500 1500 1500 1500 1500 1500 1500 1500 18 8 9 6 3 35 24 39 25 31 26 1 16 2 25 21 24 11 17 13 1 36 2 24 34 30 26 4 29 12 
1500 1500 1500 1500 1500 1500 1500 1500 1500 1500 1500 1500 1500 1500 1500 1500 1500 1500 1500 1500 1500 1500 1500 1500 1500 1500 1500 1500 1500 1500 3 0 33 39 12 39 3 21 14 33 21 17 32 6 28 26 10 32 19 30 20 14 14 36 7 39 22 31 37 20 
