10 200 30 30 500 29
1500 1500 1500 1500 1500 1500 1500 1500 1500 1500 1500 1500 1500 1500 1500 1500 1500 1500 1500 1500 1500 1500 1500 1500 1500 1500 1500 1500 1500 1500 23 0 11 2 20 37 15 10 21 0 5 17 17 10 23 15 0 2 25 31 2 33 38 12 28 2 33 5 3 0 
1500 1500 1500 1500 1500 1500 1500 1500 1500 1500 1500 1500 1500 1500 1500 1500 1500 1500 1500 1500 1500 1500 1500 1500 1500 1500 1500 1500 1500 1500 18 24 30 27 27 5 34 9 16 1 17 38 10 4 13 5 3 9 23 2 5 24 38 23 17 21 39 22 33 0 
1500 1500 1500 1500 1500 1500 1500 1500 1500 1500 1500 1500 1500 1500 1500 1500 1500 1500 1500 1500 1500 1500 1500 1500 1500 1500 1500 1500 1500 1500 4 14 33 39 6 16 4 16 22 22 27 23 33 11 36 12 22 19 34 18 31 34 4 13 12 15 29 6 16 4 
1500 1500 1500 1500 1500 1500 1500 1500 1500 1500 1500 1500 1500 1500 1500 1500 1500 1500 1500 1500 1500 1500 1500 1500 1500 1500 1500 1500 1500 1500 19 18 31 26 0 29 12 16 11 14 32 17 19 39 23 17 8 31 26 35 2 6 26 23 12 31 31 11 33 3 
1500 1500 1500 1500 1500 1500 1500 1500 1500 1500 1500 1500 1500 1500 1500 1500 1500 1500 1500 1500 1500 1500 1500 1500 1500 1500 1500 1500 1500 1500 21 29 7 29 28 36 9 16 10 19 30 6 21 28 39 3 34 21 8 31 20 22 9 28 28 2 17 33 26 37 
1500 1500 1500 1500 1500 1500 1500 1500 1500 1500 1500 1500 1500 1500 1500 1500 1500 1500 1500 1500 1500 1500 1500 1500 1500 1500 1500 1500 1500 1500 18 38 24 23 5 4 0 5 36 18 27 28 31 20 19 17 5 12 4 25 12 31 25 4 18 37 6 31 25 31 
1500 1500 1500 1500 1500 1500 1500 1500 1500 1500 1500 1500 1500 1500 1500 1500 1500 1500 1500 1500 1500 1500 1500 1500 1500 1500 1500 1500 1500 1500 7 9 36 18 11 36 14 34 32 29 12 26 37 27 32 5 39 12 21 23 14 16 5 35 34 27 38 29 20 14 
1500 1500 1500 1500 1500 1500 1500 1500 1500 1500 1500 1500 1500 1500 1500 1500 1500 1500 1500 1500 1500 1500 1500 1500 1500 1500 1500 1500 1500 1500 29 20 17 13 37 0 0 34 33 32 10 34 25 30 37 28 2 15 33 35 18 2 19 15 19 15 10 29 27 26 
1500 1500 1500 1500 1500 1500 1500 1500 1500 1500 1500 1500 1500 1500 1500 1500 1500 1500 1500 1500 1500 1500 1500 1500 1500 1500 1500 1500 1500 1500 20 9 25 32 12 25 8 2 17 30 31 5 14 15 4 9 24 3 16 27 2 10 8 5 3 30 26 18 26 23 
1500 1500 1500 1500 1500 1500 1500 1500 1500 1500 1500 1500 1500 1500 1500 1500 1500 1500 1500 1500 1500 1500 1500 1500 1500 1500 1500 1500 1500 1500 0 27 37 25 8 27 6 32 10 0 21 27 35 32 15 31 12 27 38 29 23 20 32 27 29 12 1 38 4 16 
1500 1500 1500 1500 1500 1500 1500 1500 1500 1500 1500 1500 1500 1500 1500 1500 1500 1500 1500 1500 1500 1500 1500 1500 1500 1500 1500 1500 1500 1500 33 9 18 30 0 6 8 7 5 20 38 21 29 19 12 31 0 1 30 23 3 5 13 32 8 38 13 35 30 3 
1500 1500 1500 1500 1500 1500 1500 1500 1500 1500 1500 1500 1500 1500 1500 1500 1500 1500 1500 1500 1500 1500 1500 1500 1500 1500 1500 1500 1500 1500 29 5 30 8 13 6 21 13 7 18 6 35 33 20 22 38 38 37 5 33 20 3 28 4 22 19 6 15 23 15 
1500 1500 1500 1500 1500 1500 1500 1500 1500 1500 1500 1500 1500 1500 1500 1500 1500 1500 1500 1500 1500 1500 1500 1500 1500 1500 1500 1500 1500 1500 5 9 23 22 2 12 16 2 1 10 15 14 28 16 15 9 11 19 27 6 15 15 9 32 27 28 15 24 18 39 
1500 1500 1500 1500 1500 1500 1500 1500 1500 1500 1500 1500 1500 1500 1500 1500 1500 1500 1500 1500 1500 1500 1500 1500 1500 1500 1500 1500 1500 1500 24 5 17 4 11 18 13 39 12 19 31 38 14 1 8 14 32 4 26 4 38 1 15 3 38 11 10 13 34 31 
1500 1500 1500 1500 1500 1500 1500 1500 1500 1500 1500 1500 1500 1500 1500 1500 1500 1500 1500 1500 1500 1500 1500 1500 1500 1500 1500 1500 1500 1500 9 17 33 31 18 5 26 32 10 25 32 20 8 15 1 15 12 1 10 37 29 21 21 22 22 21 9 22 26 31 
1500 1500 1500 1500 1500 1500 1500 1500 1500 1500 1500 1500 1500 1500 1500 1500 1500 1500 1500 1500 1500 1500 1500 1500 1500 1500 1500 1500 1500 1500 5 31 27 1 20 34 11 24 8 39 2 10 16 23 36 10 16 21 27 12 27 20 25 33 1 7 34 30 1 29 
1500 1500 1500 1500 1500 1500 1500 1500 1500 1500 1500 1500 1500 1500 1500 1500 1500 1500 1500 1500 1500 1500 1500 1500 1500 1500 1500 1500 1500 1500 15 7 1 3 17 5 24 10 4 13 5 21 17 10 20 25 29 26 38 39 5 24 1 27 17 27 30 33 35 31 
1500 1500 1500 1500 1500 1500 1500 1500 1500 1500 1500 1500 1500 1500 1500 1500 1500 1500 1500 1500 1500 1500 1500 1500 1500 1500 1500 1500 1500 1500 34 15 7 22 38 6 36 17 9 16 6 1 32 23 3 6 32 38 20 26 19 12 21 5 16 13 33 12 19 12 
1500 1500 1500 1500 1500 1500 1500 1500 1500 1500 1500 1500 1500 1500 1500 1500 1500 1500 1500 1500 1500 1500 1500 1500 1500 1500 1500 1500 1500 1500 30 16 34 2 20 22 23 18 36 38 14 39 11 6 0 15 13 38 1 23 0 19 20 32 25 27 37 32 28 31 
1500 1500 1500 1500 1500 1500 1500 1500 1500 1500 1500 1500 1500 1500 1500 1500 1500 1500 1500 1500 1500 1500 1500 1500 1500 1500 1500 1500 1500 1500 29 1 27 9 28 34 7 27 4 13 19 24 10 20 20 1 17 25 31 12 0 24 38 28 16 13 10 17 31 22 
1500 1500 1500 1500 1500 1500 1500 1500 1500 1500 1500 1500 1500 1500 1500 1500 1500 1500 1500 1500 1500 1500 1500 1500 1500 1500 1500 1500 1500 1500 14 24 21 17 13 35 27 13 21 23 11 4 35 13 0 4 29 6 25 38 32 38 7 17 15 36 16 3 7 5 
1500 1500 1500 1500 1500 1500 1500 1500 1500 1500 1500 1500 1500 1500 1500 1500 1500 1500 1500 1500 1500 1500 1500 1500 1500 1500 1500 1500 1500 1500 6 20 11 18 3 26 12 6 13 6 16 26 8 24 8 8 32 29 35 9 14 1 21 4 21 32 3 32 34 25 
1500 1500 1500 1500 1500 1500 1500 1500 1500 1500 1500 1500 1500 1500 1500 1500 1500 1500 1500 1500 1500 1500 1500 1500 1500 1500 1500 1500 1500 1500 22 23 32 18 15 38 15 14 18 20 18 27 14 18 35 12 17 21 6 14 10 21 7 6 28 31 11 5 12 11 
1500 1500 1500 1500 1500 1500 1500 1500 1500 1500 1500 1500 1500 1500 1500 1500 1500 1500 1500 1500 1500 1500 1500 1500 1500 1500 1500 1500 1500 1500 4 19 27 10 4 3 0 27 24 26 8 16 28 1 34 15 0 8 0 25 7 4 39 24 39 11 4 30 29 26 
1500 1500 1500 1500 1500 1500 1500 1500 1500 1500 1500 1500 1500 1500 1500 1500 1500 1500 1500 1500 1500 1500 1500 1500 1500 1500 1500 1500 1500 1500 20 1 28 23 30 36 36 5 35 0 24 11 26 21 20 11 21 29 34 0 12 28 24 29 10 2 32 5 28 29 
1500 1500 1500 1500 1500 1500 1500 1500 1500 1500 1500 1500 1500 1500 1500 1500 1500 1500 1500 1500 1500 1500 1500 1500 1500 1500 1500 1500 1500 1500 17 14 15 29 29 14 21 3 20 20 36 22 5 18 27 10 15 6 38 0 13 23 28 2 28 34 35 25 27 1 
1500 1500 1500 1500 1500 1500 1500 1500 1500 1500 1500 1500 1500 1500 1500 1500 1500 1500 1500 1500 1500 1500 1500 1500 1500 1500 1500 1500 1500 1500 28 31 19 29 24 21 20 10 34 6 18 13 4 26 19 39 8 8 29 0 33 34 4 38 30 38 4 14 3 29 
1500 1500 1500 1500 1500 1500 1500 1500 1500 1500 1500 1500 1500 1500 1500 1500 1500 1500 1500 1500 1500 1500 1500 1500 1500 1500 1500 1500 1500 1500 20 38 29 6 26 39 29 6 26 35 16 30 2 27 18 0 24 14 39 5 33 38 13 0 23 37 39 36 13 19 
1500 1500 1500 1500 1500 1500 1500 1500 1500 1500 1500 1500 1500 1500 1500 1500 1500 1500 1500 1500 1500 1500 1500 1500 1500 1500 1500 1500 1500 1500 37 26 36 28 11 28 30 2 6 26 12 36 29 19 36 28 24 25 25 36 21 38 14 23 25 3 3 1 14 22 
