10 200 30 30 500 9
1500 1500 1500 1500 1500 1500 1500 1500 1500 1500 1500 1500 1500 1500 1500 1500 1500 1500 1500 1500 1500 1500 1500 1500 1500 1500 1500 1500 1500 1500 22 30 33 28 19 18 33 30 9 15 21 12 16 30 34 26 14 4 26 0 7 23 9 1 5 21 5 26 2 24 
1500 1500 1500 1500 1500 1500 1500 1500 1500 1500 1500 1500 1500 1500 1500 1500 1500 1500 1500 1500 1500 1500 1500 1500 1500 1500 1500 1500 1500 1500 7 30 31 19 35 23 30 35 16 16 21 22 27 22 32 17 35 5 12 10 21 26 11 21 32 5 29 17 3 1 
1500 1500 1500 1500 1500 1500 1500 1500 1500 1500 1500 1500 1500 1500 1500 1500 1500 1500 1500 1500 1500 1500 1500 1500 1500 1500 1500 1500 1500 1500 17 35 22 0 2 8 27 32 28 38 10 23 24 2 31 5 8 27 6 14 36 16 38 29 6 12 33 31 11 24 
1500 1500 1500 1500 1500 1500 1500 1500 1500 1500 1500 1500 1500 1500 1500 1500 1500 1500 1500 1500 1500 1500 1500 1500 1500 1500 1500 1500 1500 1500 1 2 34 30 5 2 31 16 30 4 1 37 29 23 16 30 21 29 9 32 30 38 30 27 27 12 36 2 38 37 
1500 1500 1500 1500 1500 1500 1500 1500 1500 1500 1500 1500 1500 1500 1500 1500 1500 1500 1500 1500 1500 1500 1500 1500 1500 1500 1500 1500 1500 1500 36 27 12 15 34 39 27 23 3 0 6 14 25 6 24 13 27 38 25 5 16 34 16 16 29 10 28 29 28 35 
1500 1500 1500 1500 1500 1500 1500 1500 1500 1500 1500 1500 1500 1500 1500 1500 1500 1500 1500 1500 1500 1500 1500 1500 1500 1500 1500 1500 1500 1500 19 26 33 6 31 32 21 2 12 17 27 28 30 23 12 25 37 26 3 2 16 25 12 30 4 1 16 7 31 23 
1500 1500 1500 1500 1500 1500 1500 1500 1500 1500 1500 1500 1500 1500 1500 1500 1500 1500 1500 1500 1500 1500 1500 1500 1500 1500 1500 1500 1500 1500 5 28 25 12 9 21 25 4 35 25 38 8 25 29 5 17 30 18 37 34 34 18 38 14 30 18 29 35 16 9 
1500 1500 1500 1500 1500 1500 1500 1500 1500 1500 1500 1500 1500 1500 1500 1500 1500 1500 1500 1500 1500 1500 1500 1500 1500 1500 1500 1500 1500 1500 13 29 9 37 11 1 20 33 38 5 14 32 12 35 4 0 36 20 0 7 2 13 24 5 17 27 32 12 13 10 
1500 1500 1500 1500 1500 1500 1500 1500 1500 1500 1500 1500 1500 1500 1500 1500 1500 1500 1500 1500 1500 1500 1500 1500 1500 1500 1500 1500 1500 1500 39 12 4 38 37 1 6 15 33 19 14 28 31 6 34 37 8 39 37 36 0 10 33 20 18 8 18 36 20 9 
