10 200 30 30 500 38
1500 1500 1500 1500 1500 1500 1500 1500 1500 1500 1500 1500 1500 1500 1500 1500 1500 1500 1500 1500 1500 1500 1500 1500 1500 1500 1500 1500 1500 1500 25 26 10 15 19 17 27 24 2 33 2 39 23 17 8 22 16 33 26 7 24 25 9 36 21 10 38 13 20 25 
1500 1500 1500 1500 1500 1500 1500 1500 1500 1500 1500 1500 1500 1500 1500 1500 1500 1500 1500 1500 1500 1500 1500 1500 1500 1500 1500 1500 1500 1500 25 21 0 39 17 21 28 31 13 19 19 17 32 24 2 30 6 37 4 1 28 34 22 10 11 28 12 11 12 27 
1500 1500 1500 1500 1500 1500 1500 1500 1500 1500 1500 1500 1500 1500 1500 1500 1500 1500 1500 1500 1500 1500 1500 1500 1500 1500 1500 1500 1500 1500 4 19 31 25 2 7 11 1 23 24 38 5 39 2 30 18 12 9 2 17 31 0 30 23 35 36 1 14 2 15 
1500 1500 1500 1500 1500 1500 1500 1500 1500 1500 1500 1500 1500 1500 1500 1500 1500 1500 1500 1500 1500 1500 1500 1500 1500 1500 1500 1500 1500 1500 22 17 12 3 39 34 15 12 16 23 1 16 28 17 21 23 24 38 4 38 8 11 37 3 5 17 39 4 16 13 
1500 1500 1500 1500 1500 1500 1500 1500 1500 1500 1500 1500 1500 1500 1500 1500 1500 1500 1500 1500 1500 1500 1500 1500 1500 1500 1500 1500 1500 1500 1 37 33 17 36 0 37 15 36 25 14 30 35 23 8 14 25 5 12 32 14 35 16 0 9 22 38 31 22 13 
1500 1500 1500 1500 1500 1500 1500 1500 1500 1500 1500 1500 1500 1500 1500 1500 1500 1500 1500 1500 1500 1500 1500 1500 1500 1500 1500 1500 1500 1500 16 26 39 39 30 9 2 25 9 34 39 2 25 8 35 24 18 15 38 19 17 29 39 1 0 36 12 16 31 22 
1500 1500 1500 1500 1500 1500 1500 1500 1500 1500 1500 1500 1500 1500 1500 1500 1500 1500 1500 1500 1500 1500 1500 1500 1500 1500 1500 1500 1500 1500 31 38 1 35 10 28 8 3 38 14 18 7 28 4 7 7 22 19 23 23 8 3 5 25 13 3 12 15 26 2 
1500 1500 1500 1500 1500 1500 1500 1500 1500 1500 1500 1500 1500 1500 1500 1500 1500 1500 1500 1500 1500 1500 1500 1500 1500 1500 1500 1500 1500 1500 9 6 33 16 39 24 4 29 35 24 9 13 3 17 26 2 1 35 31 39 34 19 16 27 39 28 1 9 36 23 
1500 1500 1500 1500 1500 1500 1500 1500 1500 1500 1500 1500 1500 1500 1500 1500 1500 1500 1500 1500 1500 1500 1500 1500 1500 1500 1500 1500 1500 1500 28 28 34 31 12 10 18 0 0 6 10 17 19 10 11 24 22 33 18 21 11 9 36 23 34 6 7 3 18 7 
1500 1500 1500 1500 1500 1500 1500 1500 1500 1500 1500 1500 1500 1500 1500 1500 1500 1500 1500 1500 1500 1500 1500 1500 1500 1500 1500 1500 1500 1500 9 22 5 11 36 0 10 5 7 7 9 14 24 21 35 33 22 16 8 10 18 18 9 9 5 15 12 30 36 4 
1500 1500 1500 1500 1500 1500 1500 1500 1500 1500 1500 1500 1500 1500 1500 1500 1500 1500 1500 1500 1500 1500 1500 1500 1500 1500 1500 1500 1500 1500 4 3 38 22 6 9 28 20 1 18 26 22 19 27 24 37 20 10 38 11 17 30 3 4 21 6 22 7 0 37 
1500 1500 1500 1500 1500 1500 1500 1500 1500 1500 1500 1500 1500 1500 1500 1500 1500 1500 1500 1500 1500 1500 1500 1500 1500 1500 1500 1500 1500 1500 2 19 6 1 20 39 22 24 33 39 14 30 2 3 11 33 1 20 1 3 30 4 12 33 12 35 14 35 13 8 
1500 1500 1500 1500 1500 1500 1500 1500 1500 1500 1500 1500 1500 1500 1500 1500 1500 1500 1500 1500 1500 1500 1500 1500 1500 1500 1500 1500 1500 1500 7 26 7 38 25 1 2 33 15 36 13 35 18 27 11 36 14 11 18 11 3 18 2 30 32 7 36 28 0 31 
1500 1500 1500 1500 1500 1500 1500 1500 1500 1500 1500 1500 1500 1500 1500 1500 1500 1500 1500 1500 1500 1500 1500 1500 1500 1500 1500 1500 1500 1500 5 34 21 16 37 4 5 4 32 30 37 7 7 15 34 24 8 3 2 20 4 11 30 4 5 36 26 21 1 21 
1500 1500 1500 1500 1500 1500 1500 1500 1500 1500 1500 1500 1500 1500 1500 1500 1500 1500 1500 1500 1500 1500 1500 1500 1500 1500 1500 1500 1500 1500 0 8 33 5 29 36 28 17 12 11 3 10 37 13 13 11 11 12 39 16 13 10 7 10 20 29 22 27 29 12 
1500 1500 1500 1500 1500 1500 1500 1500 1500 1500 1500 1500 1500 1500 1500 1500 1500 1500 1500 1500 1500 1500 1500 1500 1500 1500 1500 1500 1500 1500 29 29 29 0 16 27 27 30 29 31 30 3 23 22 10 11 6 11 37 4 31 6 12 14 24 9 36 7 31 38 
1500 1500 1500 1500 1500 1500 1500 1500 1500 1500 1500 1500 1500 1500 1500 1500 1500 1500 1500 1500 1500 1500 1500 1500 1500 1500 1500 1500 1500 1500 31 23 5 9 30 13 33 3 22 34 26 26 31 21 4 34 25 17 38 21 16 17 11 8 5 28 11 27 4 4 
1500 1500 1500 1500 1500 1500 1500 1500 1500 1500 1500 1500 1500 1500 1500 1500 1500 1500 1500 1500 1500 1500 1500 1500 1500 1500 1500 1500 1500 1500 39 1 17 33 4 12 9 1 18 27 25 0 17 24 6 31 18 36 29 11 37 1 30 16 22 20 1 0 5 32 
1500 1500 1500 1500 1500 1500 1500 1500 1500 1500 1500 1500 1500 1500 1500 1500 1500 1500 1500 1500 1500 1500 1500 1500 1500 1500 1500 1500 1500 1500 16 20 23 28 25 35 39 8 5 14 13 18 7 7 2 9 21 15 28 12 17 13 24 16 4 4 14 10 31 0 
1500 1500 1500 1500 1500 1500 1500 1500 1500 1500 1500 1500 1500 1500 1500 1500 1500 1500 1500 1500 1500 1500 1500 1500 1500 1500 1500 1500 1500 1500 33 15 38 3 14 24 8 15 7 10 27 39 39 31 17 4 25 20 8 17 8 27 22 23 38 19 28 4 15 7 
1500 1500 1500 1500 1500 1500 1500 1500 1500 1500 1500 1500 1500 1500 1500 1500 1500 1500 1500 1500 1500 1500 1500 1500 1500 1500 1500 1500 1500 1500 10 39 29 18 5 33 4 28 37 20 13 4 38 20 7 27 23 23 6 12 6 36 31 30 16 33 12 23 14 3 
1500 1500 1500 1500 1500 1500 1500 1500 1500 1500 1500 1500 1500 1500 1500 1500 1500 1500 1500 1500 1500 1500 1500 1500 1500 1500 1500 1500 1500 1500 29 39 4 39 4 23 19 8 33 26 31 24 28 38 33 31 17 29 33 22 7 16 18 33 3 26 23 29 2 18 
1500 1500 1500 1500 1500 1500 1500 1500 1500 1500 1500 1500 1500 1500 1500 1500 1500 1500 1500 1500 1500 1500 1500 1500 1500 1500 1500 1500 1500 1500 1 35 21 39 16 5 19 10 20 33 2 34 23 7 32 23 22 0 33 0 21 18 32 27 31 7 34 3 13 25 
1500 1500 1500 1500 1500 1500 1500 1500 1500 1500 1500 1500 1500 1500 1500 1500 1500 1500 1500 1500 1500 1500 1500 1500 1500 1500 1500 1500 1500 1500 3 26 33 24 22 38 2 34 9 35 10 9 38 10 27 29 15 34 4 20 33 17 18 9 29 14 11 37 30 31 
1500 1500 1500 1500 1500 1500 1500 1500 1500 1500 1500 1500 1500 1500 1500 1500 1500 1500 1500 1500 1500 1500 1500 1500 1500 1500 1500 1500 1500 1500 4 1 27 34 26 8 20 5 37 0 7 29 13 1 38 26 3 36 35 4 3 34 11 31 26 35 33 2 2 8 
1500 1500 1500 1500 1500 1500 1500 1500 1500 1500 1500 1500 1500 1500 1500 1500 1500 1500 1500 1500 1500 1500 1500 1500 1500 1500 1500 1500 1500 1500 33 1 27 22 34 20 21 28 30 3 39 5 13 25 25 10 36 21 4 37 3 22 32 33 17 21 17 18 32 10 
1500 1500 1500 1500 1500 1500 1500 1500 1500 1500 1500 1500 1500 1500 1500 1500 1500 1500 1500 1500 1500 1500 1500 1500 1500 1500 1500 1500 1500 1500 37 19 8 6 18 23 23 29 2 5 37 23 15 26 17 24 10 23 31 34 1 7 3 25 24 39 16 17 6 3 
1500 1500 1500 1500 1500 1500 1500 1500 1500 1500 1500 1500 1500 1500 1500 1500 1500 1500 1500 1500 1500 1500 1500 1500 1500 1500 1500 1500 1500 1500 20 36 27 26 12 3 37 10 38 3 29 35 15 25 29 29 8 38 2 28 12 23 15 23 39 16 11 11 33 34 
1500 1500 1500 1500 1500 1500 1500 1500 1500 1500 1500 1500 1500 1500 1500 1500 1500 1500 1500 1500 1500 1500 1500 1500 1500 1500 1500 1500 1500 1500 29 8 30 16 24 18 12 38 20 6 27 28 23 27 10 38 25 12 37 13 10 33 31 25 35 34 34 1 7 1 
1500 1500 1500 1500 1500 1500 1500 1500 1500 1500 1500 1500 1500 1500 1500 1500 1500 1500 1500 1500 1500 1500 1500 1500 1500 1500 1500 1500 1500 1500 39 29 31 33 1 22 38 7 32 39 21 27 33 39 39 18 29 13 36 23 26 20 32 9 22 13 19 29 19 34 
1500 1500 1500 1500 1500 1500 1500 1500 1500 1500 1500 1500 1500 1500 1500 1500 1500 1500 1500 1500 1500 1500 1500 1500 1500 1500 1500 1500 1500 1500 0 25 4 17 3 36 1 21 22 2 30 27 3 32 37 26 16 9 38 29 4 1 30 7 23 9 1 17 2 7 
1500 1500 1500 1500 1500 1500 1500 1500 1500 1500 1500 1500 1500 1500 1500 1500 1500 1500 1500 1500 1500 1500 1500 1500 1500 1500 1500 1500 1500 1500 35 38 15 8 15 7 24 2 30 22 39 17 36 5 14 5 21 31 10 20 15 4 23 7 9 25 31 24 30 30 
1500 1500 1500 1500 1500 1500 1500 1500 1500 1500 1500 1500 1500 1500 1500 1500 1500 1500 1500 1500 1500 1500 1500 1500 1500 1500 1500 1500 1500 1500 37 11 30 6 39 29 26 30 39 39 0 30 3 37 1 35 31 8 2 34 4 33 28 25 23 29 27 18 22 9 
1500 1500 1500 1500 1500 1500 1500 1500 1500 1500 1500 1500 1500 1500 1500 1500 1500 1500 1500 1500 1500 1500 1500 1500 1500 1500 1500 1500 1500 1500 13 17 5 15 14 12 34 3 17 22 2 15 34 37 23 22 35 27 16 8 3 28 33 32 32 33 36 31 1 22 
1500 1500 1500 1500 1500 1500 1500 1500 1500 1500 1500 1500 1500 1500 1500 1500 1500 1500 1500 1500 1500 1500 1500 1500 1500 1500 1500 1500 1500 1500 6 23 37 38 28 11 2 33 19 5 16 29 38 9 26 6 39 22 37 14 34 11 10 20 5 20 27 7 34 31 
1500 1500 1500 1500 1500 1500 1500 1500 1500 1500 1500 1500 1500 1500 1500 1500 1500 1500 1500 1500 1500 1500 1500 1500 1500 1500 1500 1500 1500 1500 15 29 16 5 34 30 9 33 25 32 15 17 25 34 11 33 28 9 13 7 20 26 7 19 38 39 9 8 10 2 
1500 1500 1500 1500 1500 1500 1500 1500 1500 1500 1500 1500 1500 1500 1500 1500 1500 1500 1500 1500 1500 1500 1500 1500 1500 1500 1500 1500 1500 1500 25 38 16 21 22 37 2 12 17 29 0 33 5 8 11 31 27 25 12 35 28 9 37 16 12 1 1 20 7 31 
1500 1500 1500 1500 1500 1500 1500 1500 1500 1500 1500 1500 1500 1500 1500 1500 1500 1500 1500 1500 1500 1500 1500 1500 1500 1500 1500 1500 1500 1500 33 17 30 14 28 18 35 17 35 34 6 14 10 22 4 20 2 35 19 4 10 36 34 13 18 9 13 29 33 25 
