10 200 30 30 500 30
1500 1500 1500 1500 1500 1500 1500 1500 1500 1500 1500 1500 1500 1500 1500 1500 1500 1500 1500 1500 1500 1500 1500 1500 1500 1500 1500 1500 1500 1500 37 39 8 1 31 27 6 18 10 17 0 38 20 25 2 28 1 39 23 18 1 39 12 38 18 12 21 10 10 8 
1500 1500 1500 1500 1500 1500 1500 1500 1500 1500 1500 1500 1500 1500 1500 1500 1500 1500 1500 1500 1500 1500 1500 1500 1500 1500 1500 1500 1500 1500 21 2 37 32 37 1 35 6 29 1 31 15 39 35 17 2 22 1 27 1 34 29 28 19 38 35 12 32 11 8 
1500 1500 1500 1500 1500 1500 1500 1500 1500 1500 1500 1500 1500 1500 1500 1500 1500 1500 1500 1500 1500 1500 1500 1500 1500 1500 1500 1500 1500 1500 38 27 14 19 11 14 11 20 20 25 16 9 36 5 23 28 19 3 37 33 17 31 30 5 15 22 7 16 3 3 
1500 1500 1500 1500 1500 1500 1500 1500 1500 1500 1500 1500 1500 1500 1500 1500 1500 1500 1500 1500 1500 1500 1500 1500 1500 1500 1500 1500 1500 1500 7 12 13 33 13 26 28 19 0 29 14 2 17 35 18 30 37 34 8 19 3 21 10 13 34 22 30 26 8 9 
1500 1500 1500 1500 1500 1500 1500 1500 1500 1500 1500 1500 1500 1500 1500 1500 1500 1500 1500 1500 1500 1500 1500 1500 1500 1500 1500 1500 1500 1500 38 35 19 5 1 21 5 24 15 36 7 7 4 11 17 14 20 34 35 27 30 37 26 25 6 36 4 31 11 9 
1500 1500 1500 1500 1500 1500 1500 1500 1500 1500 1500 1500 1500 1500 1500 1500 1500 1500 1500 1500 1500 1500 1500 1500 1500 1500 1500 1500 1500 1500 10 24 20 0 11 24 36 37 29 37 13 33 36 6 39 31 3 38 31 7 12 39 7 38 6 21 37 7 12 25 
1500 1500 1500 1500 1500 1500 1500 1500 1500 1500 1500 1500 1500 1500 1500 1500 1500 1500 1500 1500 1500 1500 1500 1500 1500 1500 1500 1500 1500 1500 21 11 17 4 33 16 24 29 37 0 35 3 20 31 30 6 39 23 13 14 35 3 12 8 36 3 10 27 7 0 
1500 1500 1500 1500 1500 1500 1500 1500 1500 1500 1500 1500 1500 1500 1500 1500 1500 1500 1500 1500 1500 1500 1500 1500 1500 1500 1500 1500 1500 1500 39 26 7 9 12 33 25 23 35 25 5 31 10 19 13 34 1 6 16 14 34 4 35 15 12 26 21 34 24 30 
1500 1500 1500 1500 1500 1500 1500 1500 1500 1500 1500 1500 1500 1500 1500 1500 1500 1500 1500 1500 1500 1500 1500 1500 1500 1500 1500 1500 1500 1500 8 9 27 29 27 37 1 30 13 6 6 35 18 8 7 7 19 26 27 17 35 24 39 12 21 5 35 14 11 0 
1500 1500 1500 1500 1500 1500 1500 1500 1500 1500 1500 1500 1500 1500 1500 1500 1500 1500 1500 1500 1500 1500 1500 1500 1500 1500 1500 1500 1500 1500 17 38 20 9 8 7 37 31 18 6 24 10 23 36 2 2 16 2 7 5 32 36 6 33 34 6 29 35 38 39 
1500 1500 1500 1500 1500 1500 1500 1500 1500 1500 1500 1500 1500 1500 1500 1500 1500 1500 1500 1500 1500 1500 1500 1500 1500 1500 1500 1500 1500 1500 31 0 28 5 31 24 36 24 7 8 12 16 18 19 10 0 12 26 37 8 13 34 20 37 21 27 28 3 3 14 
1500 1500 1500 1500 1500 1500 1500 1500 1500 1500 1500 1500 1500 1500 1500 1500 1500 1500 1500 1500 1500 1500 1500 1500 1500 1500 1500 1500 1500 1500 35 28 14 2 1 27 34 5 15 4 4 12 16 28 15 33 22 5 39 17 29 20 25 28 27 23 8 5 19 37 
1500 1500 1500 1500 1500 1500 1500 1500 1500 1500 1500 1500 1500 1500 1500 1500 1500 1500 1500 1500 1500 1500 1500 1500 1500 1500 1500 1500 1500 1500 8 35 34 3 31 26 29 39 11 35 11 10 18 2 34 20 22 15 10 22 14 13 29 20 11 9 37 18 21 31 
1500 1500 1500 1500 1500 1500 1500 1500 1500 1500 1500 1500 1500 1500 1500 1500 1500 1500 1500 1500 1500 1500 1500 1500 1500 1500 1500 1500 1500 1500 17 33 31 21 24 35 13 24 8 19 25 0 5 3 33 16 24 16 34 23 29 33 32 28 26 18 33 9 16 6 
1500 1500 1500 1500 1500 1500 1500 1500 1500 1500 1500 1500 1500 1500 1500 1500 1500 1500 1500 1500 1500 1500 1500 1500 1500 1500 1500 1500 1500 1500 10 11 30 27 3 13 4 21 31 13 0 4 23 21 19 17 35 23 11 5 1 5 13 3 1 0 26 32 36 23 
1500 1500 1500 1500 1500 1500 1500 1500 1500 1500 1500 1500 1500 1500 1500 1500 1500 1500 1500 1500 1500 1500 1500 1500 1500 1500 1500 1500 1500 1500 2 39 17 36 27 32 28 9 14 29 10 26 15 4 31 35 35 12 18 3 29 7 13 38 9 24 6 36 13 14 
1500 1500 1500 1500 1500 1500 1500 1500 1500 1500 1500 1500 1500 1500 1500 1500 1500 1500 1500 1500 1500 1500 1500 1500 1500 1500 1500 1500 1500 1500 14 11 21 25 33 6 35 25 2 0 8 17 27 21 10 15 4 12 33 11 8 27 12 18 3 6 5 1 22 20 
1500 1500 1500 1500 1500 1500 1500 1500 1500 1500 1500 1500 1500 1500 1500 1500 1500 1500 1500 1500 1500 1500 1500 1500 1500 1500 1500 1500 1500 1500 29 27 25 5 16 36 15 28 15 34 39 11 24 15 7 32 18 14 6 31 19 5 1 24 18 16 9 21 35 39 
1500 1500 1500 1500 1500 1500 1500 1500 1500 1500 1500 1500 1500 1500 1500 1500 1500 1500 1500 1500 1500 1500 1500 1500 1500 1500 1500 1500 1500 1500 17 39 9 7 8 22 25 36 1 21 11 19 6 18 19 14 22 35 2 32 39 33 33 3 8 29 28 8 34 19 
1500 1500 1500 1500 1500 1500 1500 1500 1500 1500 1500 1500 1500 1500 1500 1500 1500 1500 1500 1500 1500 1500 1500 1500 1500 1500 1500 1500 1500 1500 29 25 20 28 4 33 26 1 39 4 17 16 23 10 10 6 22 36 23 34 29 0 26 31 23 5 9 8 11 4 
1500 1500 1500 1500 1500 1500 1500 1500 1500 1500 1500 1500 1500 1500 1500 1500 1500 1500 1500 1500 1500 1500 1500 1500 1500 1500 1500 1500 1500 1500 29 12 14 11 6 3 5 4 2 9 26 12 0 19 15 27 34 36 19 15 2 1 35 24 26 39 17 19 25 25 
1500 1500 1500 1500 1500 1500 1500 1500 1500 1500 1500 1500 1500 1500 1500 1500 1500 1500 1500 1500 1500 1500 1500 1500 1500 1500 1500 1500 1500 1500 29 13 7 13 5 26 21 26 34 20 35 15 4 6 19 36 34 19 12 35 22 10 22 10 9 39 6 9 20 36 
1500 1500 1500 1500 1500 1500 1500 1500 1500 1500 1500 1500 1500 1500 1500 1500 1500 1500 1500 1500 1500 1500 1500 1500 1500 1500 1500 1500 1500 1500 8 22 20 15 39 12 5 10 31 27 21 1 36 21 17 8 25 35 27 35 4 24 17 0 29 5 28 37 5 13 
1500 1500 1500 1500 1500 1500 1500 1500 1500 1500 1500 1500 1500 1500 1500 1500 1500 1500 1500 1500 1500 1500 1500 1500 1500 1500 1500 1500 1500 1500 3 28 32 32 25 21 10 10 13 1 27 34 13 35 26 0 13 15 1 4 37 22 4 6 9 35 31 29 14 10 
1500 1500 1500 1500 1500 1500 1500 1500 1500 1500 1500 1500 1500 1500 1500 1500 1500 1500 1500 1500 1500 1500 1500 1500 1500 1500 1500 1500 1500 1500 29 1 1 22 20 38 39 17 32 29 28 27 14 27 11 30 27 15 32 24 26 5 13 5 23 31 18 3 5 2 
1500 1500 1500 1500 1500 1500 1500 1500 1500 1500 1500 1500 1500 1500 1500 1500 1500 1500 1500 1500 1500 1500 1500 1500 1500 1500 1500 1500 1500 1500 34 34 4 27 1 29 14 3 3 35 26 36 5 12 37 21 0 1 4 0 36 3 36 17 0 3 38 10 11 29 
1500 1500 1500 1500 1500 1500 1500 1500 1500 1500 1500 1500 1500 1500 1500 1500 1500 1500 1500 1500 1500 1500 1500 1500 1500 1500 1500 1500 1500 1500 27 31 13 4 39 13 6 3 2 27 23 26 35 8 0 35 17 2 20 36 38 33 36 2 11 20 22 5 9 32 
1500 1500 1500 1500 1500 1500 1500 1500 1500 1500 1500 1500 1500 1500 1500 1500 1500 1500 1500 1500 1500 1500 1500 1500 1500 1500 1500 1500 1500 1500 8 39 19 1 19 0 6 20 12 17 10 2 32 38 24 5 39 28 30 5 21 33 10 13 15 18 26 27 2 17 
1500 1500 1500 1500 1500 1500 1500 1500 1500 1500 1500 1500 1500 1500 1500 1500 1500 1500 1500 1500 1500 1500 1500 1500 1500 1500 1500 1500 1500 1500 23 15 12 23 2 0 35 14 24 4 26 6 16 3 2 39 27 37 21 29 24 10 27 20 19 27 3 26 18 4 
1500 1500 1500 1500 1500 1500 1500 1500 1500 1500 1500 1500 1500 1500 1500 1500 1500 1500 1500 1500 1500 1500 1500 1500 1500 1500 1500 1500 1500 1500 34 11 17 22 27 30 18 24 18 8 20 13 3 15 33 26 11 14 12 10 39 7 7 13 11 36 27 13 3 8 
