10 200 30 30 500 43
1500 1500 1500 1500 1500 1500 1500 1500 1500 1500 1500 1500 1500 1500 1500 1500 1500 1500 1500 1500 1500 1500 1500 1500 1500 1500 1500 1500 1500 1500 4 0 23 7 2 17 37 25 24 36 32 38 20 6 4 28 29 31 7 18 32 36 37 4 13 14 2 19 24 10 
1500 1500 1500 1500 1500 1500 1500 1500 1500 1500 1500 1500 1500 1500 1500 1500 1500 1500 1500 1500 1500 1500 1500 1500 1500 1500 1500 1500 1500 1500 1 19 13 22 6 21 39 6 3 5 6 36 35 16 30 0 10 25 35 39 16 18 16 27 4 2 11 34 6 10 
1500 1500 1500 1500 1500 1500 1500 1500 1500 1500 1500 1500 1500 1500 1500 1500 1500 1500 1500 1500 1500 1500 1500 1500 1500 1500 1500 1500 1500 1500 19 17 2 9 27 32 14 13 3 19 12 17 9 39 26 9 17 2 35 36 2 4 39 20 35 18 17 17 36 13 
1500 1500 1500 1500 1500 1500 1500 1500 1500 1500 1500 1500 1500 1500 1500 1500 1500 1500 1500 1500 1500 1500 1500 1500 1500 1500 1500 1500 1500 1500 0 37 2 17 23 27 16 32 18 8 36 13 16 34 18 22 32 24 7 39 29 27 6 15 34 35 17 23 7 35 
1500 1500 1500 1500 1500 1500 1500 1500 1500 1500 1500 1500 1500 1500 1500 1500 1500 1500 1500 1500 1500 1500 1500 1500 1500 1500 1500 1500 1500 1500 8 9 5 18 7 28 13 9 15 39 10 7 23 21 37 29 37 16 37 13 26 33 6 5 17 25 8 26 25 33 
1500 1500 1500 1500 1500 1500 1500 1500 1500 1500 1500 1500 1500 1500 1500 1500 1500 1500 1500 1500 1500 1500 1500 1500 1500 1500 1500 1500 1500 1500 19 13 6 19 10 7 32 31 1 22 39 13 22 37 2 12 17 30 32 25 2 30 22 27 11 9 24 19 17 38 
1500 1500 1500 1500 1500 1500 1500 1500 1500 1500 1500 1500 1500 1500 1500 1500 1500 1500 1500 1500 1500 1500 1500 1500 1500 1500 1500 1500 1500 1500 25 10 31 19 16 1 30 5 37 14 2 23 2 15 39 35 36 35 23 14 18 29 30 17 17 9 11 32 25 18 
1500 1500 1500 1500 1500 1500 1500 1500 1500 1500 1500 1500 1500 1500 1500 1500 1500 1500 1500 1500 1500 1500 1500 1500 1500 1500 1500 1500 1500 1500 6 3 26 24 8 22 0 29 29 9 29 4 2 18 24 15 31 20 30 3 26 21 33 14 30 14 31 30 28 12 
1500 1500 1500 1500 1500 1500 1500 1500 1500 1500 1500 1500 1500 1500 1500 1500 1500 1500 1500 1500 1500 1500 1500 1500 1500 1500 1500 1500 1500 1500 32 19 19 26 24 16 29 7 17 24 34 31 8 33 37 26 22 22 31 30 4 17 22 25 31 1 7 2 0 0 
1500 1500 1500 1500 1500 1500 1500 1500 1500 1500 1500 1500 1500 1500 1500 1500 1500 1500 1500 1500 1500 1500 1500 1500 1500 1500 1500 1500 1500 1500 38 1 34 0 15 10 39 34 32 1 9 15 20 30 38 25 30 36 14 17 22 10 12 10 35 7 0 21 34 27 
1500 1500 1500 1500 1500 1500 1500 1500 1500 1500 1500 1500 1500 1500 1500 1500 1500 1500 1500 1500 1500 1500 1500 1500 1500 1500 1500 1500 1500 1500 12 3 23 21 16 19 34 31 1 28 26 11 14 32 12 6 23 1 5 24 14 22 25 16 15 34 24 5 26 35 
1500 1500 1500 1500 1500 1500 1500 1500 1500 1500 1500 1500 1500 1500 1500 1500 1500 1500 1500 1500 1500 1500 1500 1500 1500 1500 1500 1500 1500 1500 5 30 24 23 36 17 26 2 29 16 34 18 7 32 30 14 8 36 27 38 8 38 35 32 38 24 33 30 10 19 
1500 1500 1500 1500 1500 1500 1500 1500 1500 1500 1500 1500 1500 1500 1500 1500 1500 1500 1500 1500 1500 1500 1500 1500 1500 1500 1500 1500 1500 1500 5 20 30 21 28 25 7 38 9 8 25 10 10 38 39 37 1 5 29 33 5 13 26 13 33 26 11 31 4 37 
1500 1500 1500 1500 1500 1500 1500 1500 1500 1500 1500 1500 1500 1500 1500 1500 1500 1500 1500 1500 1500 1500 1500 1500 1500 1500 1500 1500 1500 1500 12 18 36 15 7 2 29 26 39 3 26 29 0 9 35 23 2 3 9 3 4 32 33 26 5 30 20 9 34 3 
1500 1500 1500 1500 1500 1500 1500 1500 1500 1500 1500 1500 1500 1500 1500 1500 1500 1500 1500 1500 1500 1500 1500 1500 1500 1500 1500 1500 1500 1500 31 16 24 28 38 26 23 5 12 8 7 28 8 18 39 11 19 19 30 3 23 35 5 11 30 12 15 24 22 20 
1500 1500 1500 1500 1500 1500 1500 1500 1500 1500 1500 1500 1500 1500 1500 1500 1500 1500 1500 1500 1500 1500 1500 1500 1500 1500 1500 1500 1500 1500 13 6 28 6 36 38 21 25 2 23 22 14 26 19 5 25 10 34 31 15 34 9 6 13 37 9 27 30 4 0 
1500 1500 1500 1500 1500 1500 1500 1500 1500 1500 1500 1500 1500 1500 1500 1500 1500 1500 1500 1500 1500 1500 1500 1500 1500 1500 1500 1500 1500 1500 35 15 20 4 5 28 31 9 22 29 12 7 13 6 16 23 15 2 27 23 21 3 31 23 5 33 7 28 26 22 
1500 1500 1500 1500 1500 1500 1500 1500 1500 1500 1500 1500 1500 1500 1500 1500 1500 1500 1500 1500 1500 1500 1500 1500 1500 1500 1500 1500 1500 1500 6 5 31 2 2 38 10 1 0 26 22 7 1 25 36 17 36 19 38 18 23 2 30 26 31 30 37 25 7 12 
1500 1500 1500 1500 1500 1500 1500 1500 1500 1500 1500 1500 1500 1500 1500 1500 1500 1500 1500 1500 1500 1500 1500 1500 1500 1500 1500 1500 1500 1500 9 28 14 33 28 28 10 38 5 8 19 1 33 19 11 26 10 11 6 23 29 15 39 32 27 35 37 33 39 6 
1500 1500 1500 1500 1500 1500 1500 1500 1500 1500 1500 1500 1500 1500 1500 1500 1500 1500 1500 1500 1500 1500 1500 1500 1500 1500 1500 1500 1500 1500 32 4 14 24 1 10 35 12 18 26 16 28 17 31 29 16 0 39 34 6 25 0 28 3 6 35 35 0 36 19 
1500 1500 1500 1500 1500 1500 1500 1500 1500 1500 1500 1500 1500 1500 1500 1500 1500 1500 1500 1500 1500 1500 1500 1500 1500 1500 1500 1500 1500 1500 2 9 4 32 14 13 37 31 12 19 37 11 0 38 36 7 26 15 23 17 6 36 35 34 25 34 8 25 20 39 
1500 1500 1500 1500 1500 1500 1500 1500 1500 1500 1500 1500 1500 1500 1500 1500 1500 1500 1500 1500 1500 1500 1500 1500 1500 1500 1500 1500 1500 1500 30 33 1 0 9 30 3 21 4 4 10 35 6 7 36 31 38 23 19 39 0 1 11 1 5 8 9 14 34 19 
1500 1500 1500 1500 1500 1500 1500 1500 1500 1500 1500 1500 1500 1500 1500 1500 1500 1500 1500 1500 1500 1500 1500 1500 1500 1500 1500 1500 1500 1500 16 21 37 4 1 25 21 35 31 14 3 25 5 38 36 5 4 19 35 26 23 0 9 16 29 32 2 34 0 0 
1500 1500 1500 1500 1500 1500 1500 1500 1500 1500 1500 1500 1500 1500 1500 1500 1500 1500 1500 1500 1500 1500 1500 1500 1500 1500 1500 1500 1500 1500 32 28 39 25 33 27 38 13 20 20 1 28 7 8 22 30 39 34 39 8 30 30 20 10 16 14 21 38 8 8 
1500 1500 1500 1500 1500 1500 1500 1500 1500 1500 1500 1500 1500 1500 1500 1500 1500 1500 1500 1500 1500 1500 1500 1500 1500 1500 1500 1500 1500 1500 4 29 23 11 23 17 37 8 11 28 21 3 16 19 15 0 33 34 10 13 4 11 11 21 37 27 32 33 22 28 
1500 1500 1500 1500 1500 1500 1500 1500 1500 1500 1500 1500 1500 1500 1500 1500 1500 1500 1500 1500 1500 1500 1500 1500 1500 1500 1500 1500 1500 1500 12 38 7 27 13 10 16 12 2 2 3 34 20 0 14 31 0 34 8 33 2 35 10 9 8 7 27 22 19 3 
1500 1500 1500 1500 1500 1500 1500 1500 1500 1500 1500 1500 1500 1500 1500 1500 1500 1500 1500 1500 1500 1500 1500 1500 1500 1500 1500 1500 1500 1500 32 6 31 29 20 33 13 38 11 24 22 11 3 32 3 5 6 30 35 20 6 21 9 12 36 17 6 24 26 9 
1500 1500 1500 1500 1500 1500 1500 1500 1500 1500 1500 1500 1500 1500 1500 1500 1500 1500 1500 1500 1500 1500 1500 1500 1500 1500 1500 1500 1500 1500 20 11 6 29 17 8 30 16 22 8 6 11 15 29 23 34 33 34 21 0 31 7 33 27 8 22 29 16 17 5 
1500 1500 1500 1500 1500 1500 1500 1500 1500 1500 1500 1500 1500 1500 1500 1500 1500 1500 1500 1500 1500 1500 1500 1500 1500 1500 1500 1500 1500 1500 10 15 38 11 5 35 17 28 39 9 29 9 34 17 9 30 16 1 36 21 34 23 12 15 13 29 19 3 16 35 
1500 1500 1500 1500 1500 1500 1500 1500 1500 1500 1500 1500 1500 1500 1500 1500 1500 1500 1500 1500 1500 1500 1500 1500 1500 1500 1500 1500 1500 1500 11 32 24 29 23 19 8 36 5 32 24 9 33 4 20 35 15 6 11 22 4 5 8 4 17 33 21 32 35 32 
1500 1500 1500 1500 1500 1500 1500 1500 1500 1500 1500 1500 1500 1500 1500 1500 1500 1500 1500 1500 1500 1500 1500 1500 1500 1500 1500 1500 1500 1500 14 32 7 19 3 37 1 12 2 1 35 25 13 10 28 22 24 16 19 32 27 38 30 38 38 16 18 11 21 28 
1500 1500 1500 1500 1500 1500 1500 1500 1500 1500 1500 1500 1500 1500 1500 1500 1500 1500 1500 1500 1500 1500 1500 1500 1500 1500 1500 1500 1500 1500 1 37 14 21 20 18 6 21 4 25 9 5 15 14 6 29 38 29 22 3 31 6 2 13 2 13 30 31 18 14 
1500 1500 1500 1500 1500 1500 1500 1500 1500 1500 1500 1500 1500 1500 1500 1500 1500 1500 1500 1500 1500 1500 1500 1500 1500 1500 1500 1500 1500 1500 15 29 36 10 39 13 17 24 24 21 1 10 23 34 26 31 17 22 26 5 32 34 10 21 6 37 20 6 10 31 
1500 1500 1500 1500 1500 1500 1500 1500 1500 1500 1500 1500 1500 1500 1500 1500 1500 1500 1500 1500 1500 1500 1500 1500 1500 1500 1500 1500 1500 1500 31 27 35 13 23 12 33 15 7 11 10 24 39 25 33 34 25 32 8 13 12 2 10 0 22 38 7 11 6 5 
1500 1500 1500 1500 1500 1500 1500 1500 1500 1500 1500 1500 1500 1500 1500 1500 1500 1500 1500 1500 1500 1500 1500 1500 1500 1500 1500 1500 1500 1500 35 2 36 10 34 13 12 37 22 24 27 8 3 18 25 33 13 24 23 18 34 32 15 16 13 10 21 8 39 31 
1500 1500 1500 1500 1500 1500 1500 1500 1500 1500 1500 1500 1500 1500 1500 1500 1500 1500 1500 1500 1500 1500 1500 1500 1500 1500 1500 1500 1500 1500 28 12 37 39 12 15 12 4 36 0 34 13 35 24 23 24 18 20 12 14 37 4 4 26 7 29 12 0 26 1 
1500 1500 1500 1500 1500 1500 1500 1500 1500 1500 1500 1500 1500 1500 1500 1500 1500 1500 1500 1500 1500 1500 1500 1500 1500 1500 1500 1500 1500 1500 33 15 5 9 19 3 7 32 1 18 23 14 0 9 18 30 28 15 0 25 19 39 29 7 33 8 37 19 37 28 
1500 1500 1500 1500 1500 1500 1500 1500 1500 1500 1500 1500 1500 1500 1500 1500 1500 1500 1500 1500 1500 1500 1500 1500 1500 1500 1500 1500 1500 1500 24 8 22 34 35 15 23 7 26 39 23 2 1 38 9 18 27 25 24 37 34 1 39 16 39 21 5 13 14 39 
1500 1500 1500 1500 1500 1500 1500 1500 1500 1500 1500 1500 1500 1500 1500 1500 1500 1500 1500 1500 1500 1500 1500 1500 1500 1500 1500 1500 1500 1500 34 4 20 5 22 11 31 2 22 20 34 30 2 6 25 8 9 31 28 1 0 30 11 18 39 8 1 2 26 13 
1500 1500 1500 1500 1500 1500 1500 1500 1500 1500 1500 1500 1500 1500 1500 1500 1500 1500 1500 1500 1500 1500 1500 1500 1500 1500 1500 1500 1500 1500 9 4 9 6 37 9 17 5 25 32 37 30 27 15 5 31 38 8 2 27 22 33 5 25 12 9 14 27 9 5 
1500 1500 1500 1500 1500 1500 1500 1500 1500 1500 1500 1500 1500 1500 1500 1500 1500 1500 1500 1500 1500 1500 1500 1500 1500 1500 1500 1500 1500 1500 14 27 35 9 23 0 37 3 19 17 27 31 30 18 18 23 26 19 1 5 20 1 12 38 37 10 32 30 12 32 
1500 1500 1500 1500 1500 1500 1500 1500 1500 1500 1500 1500 1500 1500 1500 1500 1500 1500 1500 1500 1500 1500 1500 1500 1500 1500 1500 1500 1500 1500 17 13 4 35 37 19 32 12 5 0 24 34 5 11 34 14 24 23 19 28 32 33 11 8 17 3 34 7 17 7 
1500 1500 1500 1500 1500 1500 1500 1500 1500 1500 1500 1500 1500 1500 1500 1500 1500 1500 1500 1500 1500 1500 1500 1500 1500 1500 1500 1500 1500 1500 31 25 12 31 1 35 36 7 6 3 4 38 0 3 7 21 19 33 19 3 30 28 22 33 31 25 34 35 10 3 
