10 200 30 30 500 24
1500 1500 1500 1500 1500 1500 1500 1500 1500 1500 1500 1500 1500 1500 1500 1500 1500 1500 1500 1500 1500 1500 1500 1500 1500 1500 1500 1500 1500 1500 4 3 22 38 34 37 11 19 11 32 27 19 33 16 23 14 26 29 0 4 23 2 17 19 3 26 25 21 18 32 
1500 1500 1500 1500 1500 1500 1500 1500 1500 1500 1500 1500 1500 1500 1500 1500 1500 1500 1500 1500 1500 1500 1500 1500 1500 1500 1500 1500 1500 1500 28 25 15 10 13 4 11 34 1 15 31 14 31 17 29 33 29 0 13 38 24 14 13 39 31 29 13 21 9 16 
1500 1500 1500 1500 1500 1500 1500 1500 1500 1500 1500 1500 1500 1500 1500 1500 1500 1500 1500 1500 1500 1500 1500 1500 1500 1500 1500 1500 1500 1500 16 0 23 2 1 0 4 37 32 25 0 1 33 19 7 12 6 2 9 4 9 30 1 18 3 38 36 13 30 17 
1500 1500 1500 1500 1500 1500 1500 1500 1500 1500 1500 1500 1500 1500 1500 1500 1500 1500 1500 1500 1500 1500 1500 1500 1500 1500 1500 1500 1500 1500 13 10 2 6 32 16 32 3 1 19 14 25 21 5 6 36 5 30 3 18 22 2 20 21 10 33 14 34 18 3 
1500 1500 1500 1500 1500 1500 1500 1500 1500 1500 1500 1500 1500 1500 1500 1500 1500 1500 1500 1500 1500 1500 1500 1500 1500 1500 1500 1500 1500 1500 30 20 24 38 36 37 29 39 27 38 6 22 1 7 34 28 0 6 9 10 1 13 20 7 10 21 15 39 31 25 
1500 1500 1500 1500 1500 1500 1500 1500 1500 1500 1500 1500 1500 1500 1500 1500 1500 1500 1500 1500 1500 1500 1500 1500 1500 1500 1500 1500 1500 1500 37 35 33 21 35 21 8 23 20 10 4 20 3 11 7 28 30 15 33 32 5 24 13 38 7 29 38 12 31 13 
1500 1500 1500 1500 1500 1500 1500 1500 1500 1500 1500 1500 1500 1500 1500 1500 1500 1500 1500 1500 1500 1500 1500 1500 1500 1500 1500 1500 1500 1500 23 13 8 10 23 12 11 1 30 2 17 28 31 12 38 36 37 11 39 37 0 8 29 0 22 24 4 0 5 32 
1500 1500 1500 1500 1500 1500 1500 1500 1500 1500 1500 1500 1500 1500 1500 1500 1500 1500 1500 1500 1500 1500 1500 1500 1500 1500 1500 1500 1500 1500 6 30 5 4 6 23 5 25 4 2 25 35 0 32 20 17 1 17 26 26 11 14 38 12 12 18 8 36 15 13 
1500 1500 1500 1500 1500 1500 1500 1500 1500 1500 1500 1500 1500 1500 1500 1500 1500 1500 1500 1500 1500 1500 1500 1500 1500 1500 1500 1500 1500 1500 20 28 2 2 36 18 10 34 35 22 33 4 17 27 2 16 6 8 2 22 29 9 3 6 4 4 2 13 12 29 
1500 1500 1500 1500 1500 1500 1500 1500 1500 1500 1500 1500 1500 1500 1500 1500 1500 1500 1500 1500 1500 1500 1500 1500 1500 1500 1500 1500 1500 1500 13 36 27 3 18 37 28 32 0 7 26 35 28 19 5 31 34 12 36 20 18 22 7 18 23 35 30 8 0 12 
1500 1500 1500 1500 1500 1500 1500 1500 1500 1500 1500 1500 1500 1500 1500 1500 1500 1500 1500 1500 1500 1500 1500 1500 1500 1500 1500 1500 1500 1500 2 5 29 13 3 1 35 25 31 25 39 20 8 27 39 16 10 15 22 5 8 21 13 36 26 3 0 30 34 8 
1500 1500 1500 1500 1500 1500 1500 1500 1500 1500 1500 1500 1500 1500 1500 1500 1500 1500 1500 1500 1500 1500 1500 1500 1500 1500 1500 1500 1500 1500 32 0 34 14 11 38 29 31 31 39 34 0 17 9 38 15 7 34 8 29 15 17 1 24 33 18 2 20 3 25 
1500 1500 1500 1500 1500 1500 1500 1500 1500 1500 1500 1500 1500 1500 1500 1500 1500 1500 1500 1500 1500 1500 1500 1500 1500 1500 1500 1500 1500 1500 14 29 9 18 15 37 0 16 2 12 6 24 30 21 31 16 28 15 23 27 39 25 7 38 26 9 17 24 1 6 
1500 1500 1500 1500 1500 1500 1500 1500 1500 1500 1500 1500 1500 1500 1500 1500 1500 1500 1500 1500 1500 1500 1500 1500 1500 1500 1500 1500 1500 1500 26 11 19 29 19 29 16 35 15 32 18 18 11 8 24 37 13 24 35 13 27 7 6 9 24 37 36 39 3 9 
1500 1500 1500 1500 1500 1500 1500 1500 1500 1500 1500 1500 1500 1500 1500 1500 1500 1500 1500 1500 1500 1500 1500 1500 1500 1500 1500 1500 1500 1500 5 19 33 15 23 0 16 16 22 17 6 23 16 17 24 30 34 22 11 7 10 31 34 37 20 33 37 21 28 33 
1500 1500 1500 1500 1500 1500 1500 1500 1500 1500 1500 1500 1500 1500 1500 1500 1500 1500 1500 1500 1500 1500 1500 1500 1500 1500 1500 1500 1500 1500 12 15 13 28 6 36 3 20 31 34 9 25 33 24 23 35 37 27 34 38 5 4 1 21 38 0 8 34 26 7 
1500 1500 1500 1500 1500 1500 1500 1500 1500 1500 1500 1500 1500 1500 1500 1500 1500 1500 1500 1500 1500 1500 1500 1500 1500 1500 1500 1500 1500 1500 14 1 15 1 16 10 2 2 21 9 15 36 37 14 0 34 20 24 37 14 13 29 39 39 2 13 16 34 32 27 
1500 1500 1500 1500 1500 1500 1500 1500 1500 1500 1500 1500 1500 1500 1500 1500 1500 1500 1500 1500 1500 1500 1500 1500 1500 1500 1500 1500 1500 1500 23 32 10 32 27 39 24 7 39 1 16 0 7 36 13 31 17 31 25 24 25 25 4 2 8 14 31 24 17 18 
1500 1500 1500 1500 1500 1500 1500 1500 1500 1500 1500 1500 1500 1500 1500 1500 1500 1500 1500 1500 1500 1500 1500 1500 1500 1500 1500 1500 1500 1500 4 37 25 3 34 27 4 33 39 37 11 32 5 39 35 1 32 6 12 28 3 38 32 39 21 4 36 2 13 32 
1500 1500 1500 1500 1500 1500 1500 1500 1500 1500 1500 1500 1500 1500 1500 1500 1500 1500 1500 1500 1500 1500 1500 1500 1500 1500 1500 1500 1500 1500 14 0 5 25 23 4 38 10 28 4 0 12 34 35 14 32 25 17 35 13 32 27 16 1 23 31 15 16 17 20 
1500 1500 1500 1500 1500 1500 1500 1500 1500 1500 1500 1500 1500 1500 1500 1500 1500 1500 1500 1500 1500 1500 1500 1500 1500 1500 1500 1500 1500 1500 19 9 10 35 34 21 15 20 0 39 39 6 18 32 7 20 1 23 11 5 4 30 32 11 28 9 24 18 15 7 
1500 1500 1500 1500 1500 1500 1500 1500 1500 1500 1500 1500 1500 1500 1500 1500 1500 1500 1500 1500 1500 1500 1500 1500 1500 1500 1500 1500 1500 1500 34 5 6 22 2 17 25 7 4 2 0 15 25 27 21 4 19 39 36 20 17 14 13 19 35 7 20 20 13 23 
1500 1500 1500 1500 1500 1500 1500 1500 1500 1500 1500 1500 1500 1500 1500 1500 1500 1500 1500 1500 1500 1500 1500 1500 1500 1500 1500 1500 1500 1500 22 17 6 36 28 25 39 20 26 15 4 20 1 19 23 20 34 15 0 13 7 10 15 35 17 5 4 35 19 7 
1500 1500 1500 1500 1500 1500 1500 1500 1500 1500 1500 1500 1500 1500 1500 1500 1500 1500 1500 1500 1500 1500 1500 1500 1500 1500 1500 1500 1500 1500 18 16 9 26 20 37 28 22 20 19 32 14 18 4 21 35 3 16 8 22 39 28 25 5 15 0 28 18 24 0 
