10 200 30 30 500 40
1500 1500 1500 1500 1500 1500 1500 1500 1500 1500 1500 1500 1500 1500 1500 1500 1500 1500 1500 1500 1500 1500 1500 1500 1500 1500 1500 1500 1500 1500 16 10 21 33 19 15 37 7 19 25 22 34 23 10 25 30 15 25 33 2 29 19 10 6 11 19 17 13 38 28 
1500 1500 1500 1500 1500 1500 1500 1500 1500 1500 1500 1500 1500 1500 1500 1500 1500 1500 1500 1500 1500 1500 1500 1500 1500 1500 1500 1500 1500 1500 0 8 5 35 31 34 9 39 20 34 28 28 25 10 12 31 25 9 35 11 0 26 31 37 16 20 9 11 27 30 
1500 1500 1500 1500 1500 1500 1500 1500 1500 1500 1500 1500 1500 1500 1500 1500 1500 1500 1500 1500 1500 1500 1500 1500 1500 1500 1500 1500 1500 1500 8 38 15 36 30 6 7 8 19 3 13 22 9 18 18 18 12 36 25 1 12 28 32 11 4 20 24 24 9 11 
1500 1500 1500 1500 1500 1500 1500 1500 1500 1500 1500 1500 1500 1500 1500 1500 1500 1500 1500 1500 1500 1500 1500 1500 1500 1500 1500 1500 1500 1500 2 16 1 37 5 27 3 7 20 33 9 4 11 0 3 30 27 20 0 8 23 21 2 7 10 12 2 7 6 36 
1500 1500 1500 1500 1500 1500 1500 1500 1500 1500 1500 1500 1500 1500 1500 1500 1500 1500 1500 1500 1500 1500 1500 1500 1500 1500 1500 1500 1500 1500 29 26 25 16 32 13 12 36 6 37 6 26 32 16 17 6 18 17 16 7 31 28 31 8 2 8 35 26 27 17 
1500 1500 1500 1500 1500 1500 1500 1500 1500 1500 1500 1500 1500 1500 1500 1500 1500 1500 1500 1500 1500 1500 1500 1500 1500 1500 1500 1500 1500 1500 34 38 39 8 34 10 32 19 9 8 11 4 37 11 1 37 6 33 36 26 31 13 11 4 4 3 29 10 19 2 
1500 1500 1500 1500 1500 1500 1500 1500 1500 1500 1500 1500 1500 1500 1500 1500 1500 1500 1500 1500 1500 1500 1500 1500 1500 1500 1500 1500 1500 1500 11 8 29 33 30 3 2 1 19 22 15 39 34 19 19 15 6 36 20 9 9 9 18 9 33 21 38 25 29 15 
1500 1500 1500 1500 1500 1500 1500 1500 1500 1500 1500 1500 1500 1500 1500 1500 1500 1500 1500 1500 1500 1500 1500 1500 1500 1500 1500 1500 1500 1500 20 1 27 35 21 6 30 22 16 21 15 25 13 35 7 30 39 10 19 19 39 20 14 4 32 36 34 28 2 4 
1500 1500 1500 1500 1500 1500 1500 1500 1500 1500 1500 1500 1500 1500 1500 1500 1500 1500 1500 1500 1500 1500 1500 1500 1500 1500 1500 1500 1500 1500 10 28 32 38 22 39 17 3 3 30 5 7 37 9 20 35 1 24 22 27 17 20 15 36 26 25 22 27 1 36 
1500 1500 1500 1500 1500 1500 1500 1500 1500 1500 1500 1500 1500 1500 1500 1500 1500 1500 1500 1500 1500 1500 1500 1500 1500 1500 1500 1500 1500 1500 32 18 22 4 36 17 3 4 4 33 28 0 39 22 21 29 23 12 13 24 9 34 28 8 25 11 7 28 27 3 
1500 1500 1500 1500 1500 1500 1500 1500 1500 1500 1500 1500 1500 1500 1500 1500 1500 1500 1500 1500 1500 1500 1500 1500 1500 1500 1500 1500 1500 1500 8 11 10 26 12 30 13 26 11 3 27 6 32 37 4 25 1 1 24 17 4 15 39 28 18 29 2 7 5 9 
1500 1500 1500 1500 1500 1500 1500 1500 1500 1500 1500 1500 1500 1500 1500 1500 1500 1500 1500 1500 1500 1500 1500 1500 1500 1500 1500 1500 1500 1500 22 2 34 32 4 16 23 8 12 9 23 37 35 37 19 20 12 17 36 19 7 1 22 29 39 12 26 25 19 39 
1500 1500 1500 1500 1500 1500 1500 1500 1500 1500 1500 1500 1500 1500 1500 1500 1500 1500 1500 1500 1500 1500 1500 1500 1500 1500 1500 1500 1500 1500 17 0 13 22 9 32 8 0 2 25 37 14 38 9 25 6 27 1 15 16 17 29 28 39 12 24 33 38 30 14 
1500 1500 1500 1500 1500 1500 1500 1500 1500 1500 1500 1500 1500 1500 1500 1500 1500 1500 1500 1500 1500 1500 1500 1500 1500 1500 1500 1500 1500 1500 6 33 4 1 39 26 31 5 36 12 11 25 36 30 27 38 0 3 29 20 39 9 19 0 8 36 18 28 28 37 
1500 1500 1500 1500 1500 1500 1500 1500 1500 1500 1500 1500 1500 1500 1500 1500 1500 1500 1500 1500 1500 1500 1500 1500 1500 1500 1500 1500 1500 1500 32 35 20 36 24 37 4 5 18 29 8 14 19 25 23 14 10 28 14 4 1 12 14 0 18 3 35 10 15 29 
1500 1500 1500 1500 1500 1500 1500 1500 1500 1500 1500 1500 1500 1500 1500 1500 1500 1500 1500 1500 1500 1500 1500 1500 1500 1500 1500 1500 1500 1500 16 22 5 12 10 28 25 30 2 0 39 24 6 10 34 3 11 21 5 21 3 31 0 22 15 5 2 21 3 3 
1500 1500 1500 1500 1500 1500 1500 1500 1500 1500 1500 1500 1500 1500 1500 1500 1500 1500 1500 1500 1500 1500 1500 1500 1500 1500 1500 1500 1500 1500 2 9 34 27 8 7 4 7 6 6 2 4 29 12 6 29 31 39 14 24 28 7 12 33 2 28 18 9 10 3 
1500 1500 1500 1500 1500 1500 1500 1500 1500 1500 1500 1500 1500 1500 1500 1500 1500 1500 1500 1500 1500 1500 1500 1500 1500 1500 1500 1500 1500 1500 39 18 30 6 14 3 6 35 35 33 9 34 30 34 2 26 32 14 25 26 10 0 18 15 16 26 26 10 30 24 
1500 1500 1500 1500 1500 1500 1500 1500 1500 1500 1500 1500 1500 1500 1500 1500 1500 1500 1500 1500 1500 1500 1500 1500 1500 1500 1500 1500 1500 1500 12 22 17 22 3 4 30 28 6 11 17 37 36 3 9 36 5 36 18 29 3 10 19 34 34 35 1 20 11 1 
1500 1500 1500 1500 1500 1500 1500 1500 1500 1500 1500 1500 1500 1500 1500 1500 1500 1500 1500 1500 1500 1500 1500 1500 1500 1500 1500 1500 1500 1500 30 15 14 23 26 30 31 26 38 35 11 32 31 21 31 27 2 13 8 35 11 34 39 14 37 19 12 13 14 30 
1500 1500 1500 1500 1500 1500 1500 1500 1500 1500 1500 1500 1500 1500 1500 1500 1500 1500 1500 1500 1500 1500 1500 1500 1500 1500 1500 1500 1500 1500 22 16 23 39 32 15 1 14 31 5 16 15 36 38 29 34 20 28 21 34 38 14 8 32 19 13 3 37 13 0 
1500 1500 1500 1500 1500 1500 1500 1500 1500 1500 1500 1500 1500 1500 1500 1500 1500 1500 1500 1500 1500 1500 1500 1500 1500 1500 1500 1500 1500 1500 38 22 2 12 13 36 28 5 11 21 37 32 16 5 24 34 10 20 3 32 26 6 29 1 29 11 34 37 34 13 
1500 1500 1500 1500 1500 1500 1500 1500 1500 1500 1500 1500 1500 1500 1500 1500 1500 1500 1500 1500 1500 1500 1500 1500 1500 1500 1500 1500 1500 1500 34 19 18 26 31 29 31 27 12 22 14 19 18 7 32 10 25 6 15 34 2 10 21 26 10 29 0 3 29 14 
1500 1500 1500 1500 1500 1500 1500 1500 1500 1500 1500 1500 1500 1500 1500 1500 1500 1500 1500 1500 1500 1500 1500 1500 1500 1500 1500 1500 1500 1500 13 0 6 32 25 19 29 33 13 34 25 22 4 6 24 36 38 11 33 6 22 39 13 34 6 29 21 11 22 18 
1500 1500 1500 1500 1500 1500 1500 1500 1500 1500 1500 1500 1500 1500 1500 1500 1500 1500 1500 1500 1500 1500 1500 1500 1500 1500 1500 1500 1500 1500 30 24 12 39 29 29 39 33 13 39 36 13 9 37 10 39 28 20 0 37 34 9 12 12 23 17 37 22 33 12 
1500 1500 1500 1500 1500 1500 1500 1500 1500 1500 1500 1500 1500 1500 1500 1500 1500 1500 1500 1500 1500 1500 1500 1500 1500 1500 1500 1500 1500 1500 37 30 18 26 14 30 0 31 11 24 31 3 1 25 30 22 21 16 31 7 31 0 8 34 25 14 34 13 8 18 
1500 1500 1500 1500 1500 1500 1500 1500 1500 1500 1500 1500 1500 1500 1500 1500 1500 1500 1500 1500 1500 1500 1500 1500 1500 1500 1500 1500 1500 1500 7 32 17 7 16 33 38 11 11 30 4 18 4 0 9 10 18 31 15 35 1 39 39 7 0 0 32 14 2 29 
1500 1500 1500 1500 1500 1500 1500 1500 1500 1500 1500 1500 1500 1500 1500 1500 1500 1500 1500 1500 1500 1500 1500 1500 1500 1500 1500 1500 1500 1500 16 20 2 24 22 19 10 21 13 39 19 17 17 29 13 22 32 36 25 21 8 21 25 12 38 35 14 15 0 38 
1500 1500 1500 1500 1500 1500 1500 1500 1500 1500 1500 1500 1500 1500 1500 1500 1500 1500 1500 1500 1500 1500 1500 1500 1500 1500 1500 1500 1500 1500 8 7 3 24 11 19 0 1 11 7 22 21 35 35 7 0 28 25 35 39 3 12 8 15 25 37 24 33 14 19 
1500 1500 1500 1500 1500 1500 1500 1500 1500 1500 1500 1500 1500 1500 1500 1500 1500 1500 1500 1500 1500 1500 1500 1500 1500 1500 1500 1500 1500 1500 13 8 15 31 9 29 33 29 23 38 33 25 6 6 12 7 28 21 39 26 10 0 27 29 16 37 8 7 7 23 
1500 1500 1500 1500 1500 1500 1500 1500 1500 1500 1500 1500 1500 1500 1500 1500 1500 1500 1500 1500 1500 1500 1500 1500 1500 1500 1500 1500 1500 1500 7 7 0 33 38 14 1 17 0 38 3 19 10 23 29 8 33 23 31 18 25 9 4 11 34 31 28 21 17 15 
1500 1500 1500 1500 1500 1500 1500 1500 1500 1500 1500 1500 1500 1500 1500 1500 1500 1500 1500 1500 1500 1500 1500 1500 1500 1500 1500 1500 1500 1500 17 14 0 18 35 39 14 7 28 5 38 34 18 14 10 29 16 7 38 36 34 4 20 5 32 17 12 19 9 18 
1500 1500 1500 1500 1500 1500 1500 1500 1500 1500 1500 1500 1500 1500 1500 1500 1500 1500 1500 1500 1500 1500 1500 1500 1500 1500 1500 1500 1500 1500 3 26 19 16 7 18 37 28 16 5 17 28 22 8 12 4 14 23 15 11 1 32 18 6 12 37 16 2 33 5 
1500 1500 1500 1500 1500 1500 1500 1500 1500 1500 1500 1500 1500 1500 1500 1500 1500 1500 1500 1500 1500 1500 1500 1500 1500 1500 1500 1500 1500 1500 21 24 31 37 16 32 2 37 29 15 21 20 19 19 39 3 20 35 35 11 37 8 39 29 32 35 36 23 32 9 
1500 1500 1500 1500 1500 1500 1500 1500 1500 1500 1500 1500 1500 1500 1500 1500 1500 1500 1500 1500 1500 1500 1500 1500 1500 1500 1500 1500 1500 1500 12 20 35 16 19 33 16 8 6 20 30 31 26 7 11 24 37 5 27 34 1 31 32 38 4 16 37 15 28 2 
1500 1500 1500 1500 1500 1500 1500 1500 1500 1500 1500 1500 1500 1500 1500 1500 1500 1500 1500 1500 1500 1500 1500 1500 1500 1500 1500 1500 1500 1500 38 24 23 9 34 16 6 5 1 25 30 34 31 0 33 25 4 7 39 8 19 32 0 13 16 19 33 34 36 23 
1500 1500 1500 1500 1500 1500 1500 1500 1500 1500 1500 1500 1500 1500 1500 1500 1500 1500 1500 1500 1500 1500 1500 1500 1500 1500 1500 1500 1500 1500 16 23 37 11 20 13 20 27 31 4 23 5 22 18 30 30 8 27 36 9 28 37 24 29 1 1 23 21 16 34 
1500 1500 1500 1500 1500 1500 1500 1500 1500 1500 1500 1500 1500 1500 1500 1500 1500 1500 1500 1500 1500 1500 1500 1500 1500 1500 1500 1500 1500 1500 24 33 1 12 19 15 19 10 36 23 13 8 3 31 22 1 24 6 39 1 30 39 16 35 21 2 5 15 36 22 
1500 1500 1500 1500 1500 1500 1500 1500 1500 1500 1500 1500 1500 1500 1500 1500 1500 1500 1500 1500 1500 1500 1500 1500 1500 1500 1500 1500 1500 1500 22 24 16 8 14 27 11 3 26 3 27 31 30 6 3 37 37 6 12 29 22 28 12 4 0 35 19 8 23 14 
1500 1500 1500 1500 1500 1500 1500 1500 1500 1500 1500 1500 1500 1500 1500 1500 1500 1500 1500 1500 1500 1500 1500 1500 1500 1500 1500 1500 1500 1500 30 10 24 24 13 9 7 19 10 0 23 19 25 30 24 39 31 38 27 11 35 2 39 22 0 6 7 12 7 0 
