10 200 30 30 500 14
1500 1500 1500 1500 1500 1500 1500 1500 1500 1500 1500 1500 1500 1500 1500 1500 1500 1500 1500 1500 1500 1500 1500 1500 1500 1500 1500 1500 1500 1500 37 5 38 23 11 20 36 4 17 4 7 36 34 3 22 9 9 11 30 5 15 5 39 23 5 16 26 38 24 7 
1500 1500 1500 1500 1500 1500 1500 1500 1500 1500 1500 1500 1500 1500 1500 1500 1500 1500 1500 1500 1500 1500 1500 1500 1500 1500 1500 1500 1500 1500 2 4 26 36 8 8 21 20 38 16 24 16 32 8 30 12 4 2 35 33 16 9 35 26 32 37 8 9 26 5 
1500 1500 1500 1500 1500 1500 1500 1500 1500 1500 1500 1500 1500 1500 1500 1500 1500 1500 1500 1500 1500 1500 1500 1500 1500 1500 1500 1500 1500 1500 37 8 13 18 37 11 39 11 17 0 21 33 10 36 24 12 4 6 13 4 35 17 31 27 8 27 19 19 32 35 
1500 1500 1500 1500 1500 1500 1500 1500 1500 1500 1500 1500 1500 1500 1500 1500 1500 1500 1500 1500 1500 1500 1500 1500 1500 1500 1500 1500 1500 1500 31 11 21 35 19 30 28 10 18 24 36 16 28 23 37 34 21 6 11 39 36 27 13 35 33 35 28 36 9 26 
1500 1500 1500 1500 1500 1500 1500 1500 1500 1500 1500 1500 1500 1500 1500 1500 1500 1500 1500 1500 1500 1500 1500 1500 1500 1500 1500 1500 1500 1500 15 13 27 20 34 16 30 37 29 20 36 39 28 10 20 16 29 15 8 32 12 24 19 26 38 24 36 25 30 13 
1500 1500 1500 1500 1500 1500 1500 1500 1500 1500 1500 1500 1500 1500 1500 1500 1500 1500 1500 1500 1500 1500 1500 1500 1500 1500 1500 1500 1500 1500 30 39 22 36 19 18 24 17 23 38 6 20 19 8 28 23 24 0 13 9 20 24 17 20 16 18 24 31 14 1 
1500 1500 1500 1500 1500 1500 1500 1500 1500 1500 1500 1500 1500 1500 1500 1500 1500 1500 1500 1500 1500 1500 1500 1500 1500 1500 1500 1500 1500 1500 38 36 29 3 15 18 30 3 11 14 39 15 13 3 37 37 27 20 36 36 33 34 4 27 8 8 14 8 6 33 
1500 1500 1500 1500 1500 1500 1500 1500 1500 1500 1500 1500 1500 1500 1500 1500 1500 1500 1500 1500 1500 1500 1500 1500 1500 1500 1500 1500 1500 1500 3 5 33 9 16 0 6 37 9 1 33 24 1 17 39 3 15 17 10 23 7 21 12 0 19 5 18 21 14 30 
1500 1500 1500 1500 1500 1500 1500 1500 1500 1500 1500 1500 1500 1500 1500 1500 1500 1500 1500 1500 1500 1500 1500 1500 1500 1500 1500 1500 1500 1500 27 5 6 18 1 12 32 34 30 34 30 4 39 37 33 2 35 16 13 10 35 12 23 5 12 9 15 7 15 32 
1500 1500 1500 1500 1500 1500 1500 1500 1500 1500 1500 1500 1500 1500 1500 1500 1500 1500 1500 1500 1500 1500 1500 1500 1500 1500 1500 1500 1500 1500 15 37 31 11 31 31 30 17 27 37 27 11 18 21 18 18 12 9 18 0 36 20 16 11 28 31 19 33 3 22 
1500 1500 1500 1500 1500 1500 1500 1500 1500 1500 1500 1500 1500 1500 1500 1500 1500 1500 1500 1500 1500 1500 1500 1500 1500 1500 1500 1500 1500 1500 14 19 36 25 27 0 4 6 12 7 30 30 23 24 37 15 36 5 39 15 10 4 15 8 7 4 7 25 0 21 
1500 1500 1500 1500 1500 1500 1500 1500 1500 1500 1500 1500 1500 1500 1500 1500 1500 1500 1500 1500 1500 1500 1500 1500 1500 1500 1500 1500 1500 1500 9 15 17 25 2 6 25 19 25 32 13 37 11 4 14 0 0 28 36 18 29 32 12 39 13 39 32 32 2 20 
1500 1500 1500 1500 1500 1500 1500 1500 1500 1500 1500 1500 1500 1500 1500 1500 1500 1500 1500 1500 1500 1500 1500 1500 1500 1500 1500 1500 1500 1500 22 7 19 34 3 25 30 27 10 6 16 17 1 13 5 26 4 21 37 6 37 15 12 24 8 9 28 26 27 3 
1500 1500 1500 1500 1500 1500 1500 1500 1500 1500 1500 1500 1500 1500 1500 1500 1500 1500 1500 1500 1500 1500 1500 1500 1500 1500 1500 1500 1500 1500 0 34 36 25 24 32 19 34 16 38 0 30 38 11 30 12 9 24 0 19 28 9 32 5 18 6 31 19 10 5 
