10 200 30 30 500 39
1500 1500 1500 1500 1500 1500 1500 1500 1500 1500 1500 1500 1500 1500 1500 1500 1500 1500 1500 1500 1500 1500 1500 1500 1500 1500 1500 1500 1500 1500 25 34 9 31 25 23 6 19 26 34 23 5 1 26 6 27 20 8 7 4 34 32 15 34 24 33 1 29 29 1 
1500 1500 1500 1500 1500 1500 1500 1500 1500 1500 1500 1500 1500 1500 1500 1500 1500 1500 1500 1500 1500 1500 1500 1500 1500 1500 1500 1500 1500 1500 39 13 16 26 5 20 36 27 36 17 37 37 19 39 14 18 31 13 10 4 15 35 19 27 13 24 33 33 1 10 
1500 1500 1500 1500 1500 1500 1500 1500 1500 1500 1500 1500 1500 1500 1500 1500 1500 1500 1500 1500 1500 1500 1500 1500 1500 1500 1500 1500 1500 1500 21 4 15 39 18 36 3 23 5 15 15 19 37 32 27 15 32 7 26 8 12 34 24 21 29 29 8 7 36 22 
1500 1500 1500 1500 1500 1500 1500 1500 1500 1500 1500 1500 1500 1500 1500 1500 1500 1500 1500 1500 1500 1500 1500 1500 1500 1500 1500 1500 1500 1500 18 16 4 31 21 18 21 26 34 0 26 23 5 18 37 33 38 37 23 36 37 11 31 37 27 34 34 0 11 25 
1500 1500 1500 1500 1500 1500 1500 1500 1500 1500 1500 1500 1500 1500 1500 1500 1500 1500 1500 1500 1500 1500 1500 1500 1500 1500 1500 1500 1500 1500 19 0 14 19 34 30 22 2 12 30 0 37 36 14 12 33 9 1 39 37 33 11 38 35 29 10 29 3 12 30 
1500 1500 1500 1500 1500 1500 1500 1500 1500 1500 1500 1500 1500 1500 1500 1500 1500 1500 1500 1500 1500 1500 1500 1500 1500 1500 1500 1500 1500 1500 14 2 6 2 3 39 34 14 4 10 9 14 35 28 10 25 26 3 18 11 25 28 4 18 19 22 27 23 35 18 
1500 1500 1500 1500 1500 1500 1500 1500 1500 1500 1500 1500 1500 1500 1500 1500 1500 1500 1500 1500 1500 1500 1500 1500 1500 1500 1500 1500 1500 1500 20 19 14 18 8 15 13 20 17 31 14 10 18 28 21 36 7 11 34 7 22 25 25 1 10 2 20 0 29 29 
1500 1500 1500 1500 1500 1500 1500 1500 1500 1500 1500 1500 1500 1500 1500 1500 1500 1500 1500 1500 1500 1500 1500 1500 1500 1500 1500 1500 1500 1500 7 28 26 6 1 18 33 1 29 34 16 37 36 34 27 1 7 36 5 8 5 3 1 11 30 36 16 1 16 3 
1500 1500 1500 1500 1500 1500 1500 1500 1500 1500 1500 1500 1500 1500 1500 1500 1500 1500 1500 1500 1500 1500 1500 1500 1500 1500 1500 1500 1500 1500 19 34 4 37 10 38 34 16 16 0 26 8 28 14 22 2 5 7 28 28 2 19 34 6 25 8 12 34 20 17 
1500 1500 1500 1500 1500 1500 1500 1500 1500 1500 1500 1500 1500 1500 1500 1500 1500 1500 1500 1500 1500 1500 1500 1500 1500 1500 1500 1500 1500 1500 38 11 23 37 11 9 21 6 38 38 35 22 22 38 26 10 15 3 4 8 21 39 16 3 30 6 16 28 22 8 
1500 1500 1500 1500 1500 1500 1500 1500 1500 1500 1500 1500 1500 1500 1500 1500 1500 1500 1500 1500 1500 1500 1500 1500 1500 1500 1500 1500 1500 1500 34 9 7 6 9 19 16 15 13 34 36 29 4 36 32 21 35 4 4 5 19 37 5 9 39 17 22 29 10 35 
1500 1500 1500 1500 1500 1500 1500 1500 1500 1500 1500 1500 1500 1500 1500 1500 1500 1500 1500 1500 1500 1500 1500 1500 1500 1500 1500 1500 1500 1500 34 15 4 35 2 9 8 21 36 32 18 11 28 1 8 24 35 36 14 6 31 30 16 25 30 6 17 1 29 11 
1500 1500 1500 1500 1500 1500 1500 1500 1500 1500 1500 1500 1500 1500 1500 1500 1500 1500 1500 1500 1500 1500 1500 1500 1500 1500 1500 1500 1500 1500 30 16 3 4 17 35 34 25 7 19 27 14 12 24 30 34 4 3 4 23 9 6 20 8 22 4 34 31 32 30 
1500 1500 1500 1500 1500 1500 1500 1500 1500 1500 1500 1500 1500 1500 1500 1500 1500 1500 1500 1500 1500 1500 1500 1500 1500 1500 1500 1500 1500 1500 21 23 12 19 1 12 34 4 3 33 36 0 29 31 25 9 30 35 39 17 28 18 16 31 4 19 17 26 23 35 
1500 1500 1500 1500 1500 1500 1500 1500 1500 1500 1500 1500 1500 1500 1500 1500 1500 1500 1500 1500 1500 1500 1500 1500 1500 1500 1500 1500 1500 1500 0 34 13 23 25 0 39 36 24 35 4 1 10 35 4 28 24 10 28 18 34 19 36 23 2 4 20 21 32 38 
1500 1500 1500 1500 1500 1500 1500 1500 1500 1500 1500 1500 1500 1500 1500 1500 1500 1500 1500 1500 1500 1500 1500 1500 1500 1500 1500 1500 1500 1500 17 4 22 5 19 9 4 7 29 19 12 37 37 29 38 8 12 16 31 20 1 8 10 5 13 21 37 18 12 28 
1500 1500 1500 1500 1500 1500 1500 1500 1500 1500 1500 1500 1500 1500 1500 1500 1500 1500 1500 1500 1500 1500 1500 1500 1500 1500 1500 1500 1500 1500 28 3 14 13 35 17 2 10 6 4 7 17 9 31 37 29 3 14 7 2 39 36 27 28 30 10 29 13 32 33 
1500 1500 1500 1500 1500 1500 1500 1500 1500 1500 1500 1500 1500 1500 1500 1500 1500 1500 1500 1500 1500 1500 1500 1500 1500 1500 1500 1500 1500 1500 27 9 29 22 11 1 14 29 39 10 28 16 33 2 20 7 31 4 7 5 31 25 23 24 16 10 5 22 39 26 
1500 1500 1500 1500 1500 1500 1500 1500 1500 1500 1500 1500 1500 1500 1500 1500 1500 1500 1500 1500 1500 1500 1500 1500 1500 1500 1500 1500 1500 1500 39 27 13 27 29 17 33 35 12 36 21 12 17 28 17 19 18 13 12 8 11 38 18 6 17 5 28 13 19 10 
1500 1500 1500 1500 1500 1500 1500 1500 1500 1500 1500 1500 1500 1500 1500 1500 1500 1500 1500 1500 1500 1500 1500 1500 1500 1500 1500 1500 1500 1500 7 29 2 15 13 9 14 9 23 0 22 28 5 12 8 36 7 33 2 21 27 1 4 39 21 12 32 11 26 30 
1500 1500 1500 1500 1500 1500 1500 1500 1500 1500 1500 1500 1500 1500 1500 1500 1500 1500 1500 1500 1500 1500 1500 1500 1500 1500 1500 1500 1500 1500 23 12 34 26 34 18 11 9 26 12 25 9 39 4 29 8 17 36 3 24 10 25 30 13 12 19 29 2 7 34 
1500 1500 1500 1500 1500 1500 1500 1500 1500 1500 1500 1500 1500 1500 1500 1500 1500 1500 1500 1500 1500 1500 1500 1500 1500 1500 1500 1500 1500 1500 5 1 20 33 21 3 17 10 19 39 27 11 19 28 18 39 12 24 11 8 3 7 32 8 23 8 11 36 9 16 
1500 1500 1500 1500 1500 1500 1500 1500 1500 1500 1500 1500 1500 1500 1500 1500 1500 1500 1500 1500 1500 1500 1500 1500 1500 1500 1500 1500 1500 1500 31 23 8 29 0 14 33 34 38 7 38 38 21 7 10 4 21 14 21 35 21 20 15 6 24 25 20 8 0 36 
1500 1500 1500 1500 1500 1500 1500 1500 1500 1500 1500 1500 1500 1500 1500 1500 1500 1500 1500 1500 1500 1500 1500 1500 1500 1500 1500 1500 1500 1500 22 21 23 1 14 37 11 23 23 1 10 11 17 25 15 10 25 6 38 4 13 28 21 2 13 36 14 25 0 11 
1500 1500 1500 1500 1500 1500 1500 1500 1500 1500 1500 1500 1500 1500 1500 1500 1500 1500 1500 1500 1500 1500 1500 1500 1500 1500 1500 1500 1500 1500 33 23 3 31 19 0 11 35 6 21 38 32 29 23 7 1 35 29 14 12 35 18 15 34 15 29 20 22 39 25 
1500 1500 1500 1500 1500 1500 1500 1500 1500 1500 1500 1500 1500 1500 1500 1500 1500 1500 1500 1500 1500 1500 1500 1500 1500 1500 1500 1500 1500 1500 5 2 21 28 31 19 22 25 18 12 38 24 27 22 19 31 34 29 14 2 12 29 6 20 13 8 8 25 18 38 
1500 1500 1500 1500 1500 1500 1500 1500 1500 1500 1500 1500 1500 1500 1500 1500 1500 1500 1500 1500 1500 1500 1500 1500 1500 1500 1500 1500 1500 1500 33 38 9 18 17 31 18 20 37 4 0 1 1 10 17 34 3 37 31 19 16 22 2 20 34 22 8 16 4 36 
1500 1500 1500 1500 1500 1500 1500 1500 1500 1500 1500 1500 1500 1500 1500 1500 1500 1500 1500 1500 1500 1500 1500 1500 1500 1500 1500 1500 1500 1500 19 19 22 34 39 22 6 25 18 29 7 24 29 23 15 36 29 11 17 22 13 6 25 24 10 23 12 38 14 35 
1500 1500 1500 1500 1500 1500 1500 1500 1500 1500 1500 1500 1500 1500 1500 1500 1500 1500 1500 1500 1500 1500 1500 1500 1500 1500 1500 1500 1500 1500 19 19 13 21 38 21 9 25 20 32 24 17 32 33 9 27 16 35 33 32 15 5 8 37 4 20 2 1 32 39 
1500 1500 1500 1500 1500 1500 1500 1500 1500 1500 1500 1500 1500 1500 1500 1500 1500 1500 1500 1500 1500 1500 1500 1500 1500 1500 1500 1500 1500 1500 4 29 3 29 13 29 6 4 23 21 9 33 2 25 15 35 26 10 26 24 20 16 4 8 1 11 0 10 32 30 
1500 1500 1500 1500 1500 1500 1500 1500 1500 1500 1500 1500 1500 1500 1500 1500 1500 1500 1500 1500 1500 1500 1500 1500 1500 1500 1500 1500 1500 1500 15 6 8 1 24 24 30 21 35 30 12 5 19 23 7 32 24 10 17 16 20 1 39 38 39 7 0 38 26 26 
1500 1500 1500 1500 1500 1500 1500 1500 1500 1500 1500 1500 1500 1500 1500 1500 1500 1500 1500 1500 1500 1500 1500 1500 1500 1500 1500 1500 1500 1500 12 22 21 21 37 23 32 30 29 2 27 32 1 24 13 2 12 35 35 14 36 16 31 38 14 15 38 22 3 13 
1500 1500 1500 1500 1500 1500 1500 1500 1500 1500 1500 1500 1500 1500 1500 1500 1500 1500 1500 1500 1500 1500 1500 1500 1500 1500 1500 1500 1500 1500 39 1 20 0 23 33 22 18 28 21 13 17 32 26 13 3 17 22 32 8 34 25 20 7 35 39 25 14 31 38 
1500 1500 1500 1500 1500 1500 1500 1500 1500 1500 1500 1500 1500 1500 1500 1500 1500 1500 1500 1500 1500 1500 1500 1500 1500 1500 1500 1500 1500 1500 11 36 36 35 17 13 30 24 32 36 33 19 0 36 15 25 28 35 12 13 11 10 20 22 20 2 25 24 34 4 
1500 1500 1500 1500 1500 1500 1500 1500 1500 1500 1500 1500 1500 1500 1500 1500 1500 1500 1500 1500 1500 1500 1500 1500 1500 1500 1500 1500 1500 1500 11 15 4 1 32 7 26 20 29 36 18 29 27 21 33 24 4 23 21 15 29 2 36 14 14 2 22 5 3 37 
1500 1500 1500 1500 1500 1500 1500 1500 1500 1500 1500 1500 1500 1500 1500 1500 1500 1500 1500 1500 1500 1500 1500 1500 1500 1500 1500 1500 1500 1500 5 25 7 38 0 26 2 36 7 30 28 28 17 19 6 19 28 18 11 5 36 6 13 37 37 9 5 20 8 10 
1500 1500 1500 1500 1500 1500 1500 1500 1500 1500 1500 1500 1500 1500 1500 1500 1500 1500 1500 1500 1500 1500 1500 1500 1500 1500 1500 1500 1500 1500 22 37 6 27 29 22 16 3 32 11 30 4 31 14 13 14 11 17 18 0 26 20 18 27 29 21 22 22 18 36 
1500 1500 1500 1500 1500 1500 1500 1500 1500 1500 1500 1500 1500 1500 1500 1500 1500 1500 1500 1500 1500 1500 1500 1500 1500 1500 1500 1500 1500 1500 10 5 5 18 11 24 6 4 18 18 33 18 1 6 17 2 4 24 35 24 14 2 14 4 6 7 11 10 34 1 
1500 1500 1500 1500 1500 1500 1500 1500 1500 1500 1500 1500 1500 1500 1500 1500 1500 1500 1500 1500 1500 1500 1500 1500 1500 1500 1500 1500 1500 1500 7 7 13 5 33 6 4 10 18 13 21 28 14 38 35 18 14 17 3 39 26 25 21 32 31 22 15 26 12 19 
