10 200 30 30 500 48
1500 1500 1500 1500 1500 1500 1500 1500 1500 1500 1500 1500 1500 1500 1500 1500 1500 1500 1500 1500 1500 1500 1500 1500 1500 1500 1500 1500 1500 1500 18 39 16 5 10 19 1 14 27 39 7 29 6 21 29 37 39 5 7 23 17 21 12 37 28 19 39 31 30 2 
1500 1500 1500 1500 1500 1500 1500 1500 1500 1500 1500 1500 1500 1500 1500 1500 1500 1500 1500 1500 1500 1500 1500 1500 1500 1500 1500 1500 1500 1500 17 5 30 20 32 1 36 10 24 7 36 21 22 31 32 38 19 11 20 10 3 29 8 35 34 12 34 28 39 21 
1500 1500 1500 1500 1500 1500 1500 1500 1500 1500 1500 1500 1500 1500 1500 1500 1500 1500 1500 1500 1500 1500 1500 1500 1500 1500 1500 1500 1500 1500 10 19 34 18 7 13 12 14 11 24 27 19 30 24 25 28 35 38 19 7 25 17 0 30 38 26 11 31 5 9 
1500 1500 1500 1500 1500 1500 1500 1500 1500 1500 1500 1500 1500 1500 1500 1500 1500 1500 1500 1500 1500 1500 1500 1500 1500 1500 1500 1500 1500 1500 23 7 18 30 29 33 10 20 39 7 16 26 36 22 10 31 34 19 10 22 23 16 4 35 37 37 5 8 36 20 
1500 1500 1500 1500 1500 1500 1500 1500 1500 1500 1500 1500 1500 1500 1500 1500 1500 1500 1500 1500 1500 1500 1500 1500 1500 1500 1500 1500 1500 1500 33 11 10 9 37 19 32 39 35 7 5 21 21 7 28 7 15 13 21 2 22 12 32 26 8 14 7 31 9 35 
1500 1500 1500 1500 1500 1500 1500 1500 1500 1500 1500 1500 1500 1500 1500 1500 1500 1500 1500 1500 1500 1500 1500 1500 1500 1500 1500 1500 1500 1500 12 16 21 19 22 27 1 8 33 0 20 17 26 4 16 22 19 28 9 33 13 33 1 0 28 39 26 31 36 15 
1500 1500 1500 1500 1500 1500 1500 1500 1500 1500 1500 1500 1500 1500 1500 1500 1500 1500 1500 1500 1500 1500 1500 1500 1500 1500 1500 1500 1500 1500 37 29 20 0 34 31 1 7 12 19 12 35 6 11 8 25 10 25 38 37 34 3 8 8 5 22 3 21 19 11 
1500 1500 1500 1500 1500 1500 1500 1500 1500 1500 1500 1500 1500 1500 1500 1500 1500 1500 1500 1500 1500 1500 1500 1500 1500 1500 1500 1500 1500 1500 34 11 16 13 28 33 15 7 16 38 27 35 19 26 22 1 31 13 21 29 3 12 38 9 38 27 11 13 33 8 
1500 1500 1500 1500 1500 1500 1500 1500 1500 1500 1500 1500 1500 1500 1500 1500 1500 1500 1500 1500 1500 1500 1500 1500 1500 1500 1500 1500 1500 1500 20 35 31 33 13 6 11 19 7 36 24 16 8 18 32 27 13 16 31 26 10 28 14 39 10 14 36 24 5 18 
1500 1500 1500 1500 1500 1500 1500 1500 1500 1500 1500 1500 1500 1500 1500 1500 1500 1500 1500 1500 1500 1500 1500 1500 1500 1500 1500 1500 1500 1500 20 31 17 3 23 15 28 21 6 16 39 26 19 32 7 6 12 39 1 1 16 37 4 5 38 26 23 11 30 26 
1500 1500 1500 1500 1500 1500 1500 1500 1500 1500 1500 1500 1500 1500 1500 1500 1500 1500 1500 1500 1500 1500 1500 1500 1500 1500 1500 1500 1500 1500 23 17 32 27 2 31 9 16 5 32 13 20 21 18 2 26 33 18 28 15 28 28 2 1 22 32 2 8 19 33 
1500 1500 1500 1500 1500 1500 1500 1500 1500 1500 1500 1500 1500 1500 1500 1500 1500 1500 1500 1500 1500 1500 1500 1500 1500 1500 1500 1500 1500 1500 23 13 34 29 21 39 18 33 6 1 14 37 10 24 39 20 8 18 31 24 4 2 21 27 7 12 27 8 20 0 
1500 1500 1500 1500 1500 1500 1500 1500 1500 1500 1500 1500 1500 1500 1500 1500 1500 1500 1500 1500 1500 1500 1500 1500 1500 1500 1500 1500 1500 1500 6 26 21 10 14 26 16 4 38 30 21 39 0 33 12 0 4 26 19 36 13 0 2 36 24 21 13 13 13 25 
1500 1500 1500 1500 1500 1500 1500 1500 1500 1500 1500 1500 1500 1500 1500 1500 1500 1500 1500 1500 1500 1500 1500 1500 1500 1500 1500 1500 1500 1500 35 33 19 16 37 27 4 17 32 6 11 17 32 27 15 8 15 34 12 13 19 36 4 39 21 1 7 6 22 39 
1500 1500 1500 1500 1500 1500 1500 1500 1500 1500 1500 1500 1500 1500 1500 1500 1500 1500 1500 1500 1500 1500 1500 1500 1500 1500 1500 1500 1500 1500 30 38 18 7 26 25 26 37 33 0 3 13 26 37 27 37 8 22 7 22 24 19 35 26 34 13 0 25 14 8 
1500 1500 1500 1500 1500 1500 1500 1500 1500 1500 1500 1500 1500 1500 1500 1500 1500 1500 1500 1500 1500 1500 1500 1500 1500 1500 1500 1500 1500 1500 4 0 19 6 4 4 22 12 29 33 22 33 2 6 7 26 39 1 6 14 33 19 8 17 27 16 2 1 15 38 
1500 1500 1500 1500 1500 1500 1500 1500 1500 1500 1500 1500 1500 1500 1500 1500 1500 1500 1500 1500 1500 1500 1500 1500 1500 1500 1500 1500 1500 1500 36 15 4 5 7 16 4 13 27 12 1 39 35 12 19 31 9 11 16 2 25 25 31 25 19 7 31 25 39 39 
1500 1500 1500 1500 1500 1500 1500 1500 1500 1500 1500 1500 1500 1500 1500 1500 1500 1500 1500 1500 1500 1500 1500 1500 1500 1500 1500 1500 1500 1500 31 12 19 12 34 16 25 29 33 0 33 31 23 34 37 33 38 36 2 13 5 26 20 21 9 24 14 10 17 24 
1500 1500 1500 1500 1500 1500 1500 1500 1500 1500 1500 1500 1500 1500 1500 1500 1500 1500 1500 1500 1500 1500 1500 1500 1500 1500 1500 1500 1500 1500 17 29 11 1 6 13 8 35 36 22 36 37 39 18 13 35 2 19 5 32 35 2 18 13 35 17 12 10 26 23 
1500 1500 1500 1500 1500 1500 1500 1500 1500 1500 1500 1500 1500 1500 1500 1500 1500 1500 1500 1500 1500 1500 1500 1500 1500 1500 1500 1500 1500 1500 11 3 29 19 36 37 2 31 23 18 39 39 6 28 31 32 9 21 10 39 37 24 3 28 12 33 26 15 29 5 
1500 1500 1500 1500 1500 1500 1500 1500 1500 1500 1500 1500 1500 1500 1500 1500 1500 1500 1500 1500 1500 1500 1500 1500 1500 1500 1500 1500 1500 1500 24 0 21 36 29 39 28 3 19 3 38 1 5 32 12 23 0 32 29 1 28 21 0 27 16 16 13 14 29 17 
1500 1500 1500 1500 1500 1500 1500 1500 1500 1500 1500 1500 1500 1500 1500 1500 1500 1500 1500 1500 1500 1500 1500 1500 1500 1500 1500 1500 1500 1500 34 30 39 35 11 19 29 32 20 20 20 25 12 11 11 13 32 28 11 10 33 19 39 16 27 7 11 1 6 30 
1500 1500 1500 1500 1500 1500 1500 1500 1500 1500 1500 1500 1500 1500 1500 1500 1500 1500 1500 1500 1500 1500 1500 1500 1500 1500 1500 1500 1500 1500 7 20 21 39 18 23 10 7 22 31 9 16 31 28 5 32 8 4 9 2 38 36 2 17 18 5 5 12 35 3 
1500 1500 1500 1500 1500 1500 1500 1500 1500 1500 1500 1500 1500 1500 1500 1500 1500 1500 1500 1500 1500 1500 1500 1500 1500 1500 1500 1500 1500 1500 29 35 33 8 11 14 2 2 15 9 29 31 27 28 28 17 21 8 14 32 31 6 34 10 30 30 21 6 32 39 
1500 1500 1500 1500 1500 1500 1500 1500 1500 1500 1500 1500 1500 1500 1500 1500 1500 1500 1500 1500 1500 1500 1500 1500 1500 1500 1500 1500 1500 1500 31 27 38 25 8 8 15 27 37 25 8 15 26 7 26 4 29 23 8 35 10 29 34 17 39 10 22 28 37 24 
1500 1500 1500 1500 1500 1500 1500 1500 1500 1500 1500 1500 1500 1500 1500 1500 1500 1500 1500 1500 1500 1500 1500 1500 1500 1500 1500 1500 1500 1500 15 22 13 29 29 23 23 10 37 2 29 2 9 12 10 17 18 20 32 21 36 21 19 26 25 36 10 29 1 20 
1500 1500 1500 1500 1500 1500 1500 1500 1500 1500 1500 1500 1500 1500 1500 1500 1500 1500 1500 1500 1500 1500 1500 1500 1500 1500 1500 1500 1500 1500 15 6 13 0 28 2 7 7 4 25 10 31 10 20 20 3 13 20 21 4 38 36 22 39 28 3 10 37 8 13 
1500 1500 1500 1500 1500 1500 1500 1500 1500 1500 1500 1500 1500 1500 1500 1500 1500 1500 1500 1500 1500 1500 1500 1500 1500 1500 1500 1500 1500 1500 15 20 23 7 11 22 24 34 29 27 31 15 35 22 11 31 32 14 13 26 24 37 21 25 38 9 2 28 19 27 
1500 1500 1500 1500 1500 1500 1500 1500 1500 1500 1500 1500 1500 1500 1500 1500 1500 1500 1500 1500 1500 1500 1500 1500 1500 1500 1500 1500 1500 1500 34 17 17 13 2 33 1 25 32 34 25 20 2 19 7 27 25 34 12 24 3 9 22 21 31 9 21 15 37 11 
1500 1500 1500 1500 1500 1500 1500 1500 1500 1500 1500 1500 1500 1500 1500 1500 1500 1500 1500 1500 1500 1500 1500 1500 1500 1500 1500 1500 1500 1500 21 3 11 38 37 35 3 30 10 19 5 23 38 25 10 9 17 34 36 5 4 31 2 5 17 36 8 30 32 7 
1500 1500 1500 1500 1500 1500 1500 1500 1500 1500 1500 1500 1500 1500 1500 1500 1500 1500 1500 1500 1500 1500 1500 1500 1500 1500 1500 1500 1500 1500 38 26 25 25 11 9 23 28 34 7 25 35 12 36 0 26 12 33 37 26 25 32 2 11 16 0 3 32 3 14 
1500 1500 1500 1500 1500 1500 1500 1500 1500 1500 1500 1500 1500 1500 1500 1500 1500 1500 1500 1500 1500 1500 1500 1500 1500 1500 1500 1500 1500 1500 12 22 39 21 32 4 20 39 7 18 19 12 25 31 11 9 1 26 14 27 4 19 18 1 12 38 10 12 25 4 
1500 1500 1500 1500 1500 1500 1500 1500 1500 1500 1500 1500 1500 1500 1500 1500 1500 1500 1500 1500 1500 1500 1500 1500 1500 1500 1500 1500 1500 1500 1 30 29 25 38 6 4 21 10 37 32 0 27 13 23 34 37 5 34 37 2 13 23 38 4 37 7 39 4 4 
1500 1500 1500 1500 1500 1500 1500 1500 1500 1500 1500 1500 1500 1500 1500 1500 1500 1500 1500 1500 1500 1500 1500 1500 1500 1500 1500 1500 1500 1500 0 9 0 1 33 3 33 25 35 11 19 28 21 38 20 36 7 0 39 26 15 33 32 8 10 26 34 31 6 38 
1500 1500 1500 1500 1500 1500 1500 1500 1500 1500 1500 1500 1500 1500 1500 1500 1500 1500 1500 1500 1500 1500 1500 1500 1500 1500 1500 1500 1500 1500 30 17 33 13 20 8 8 26 18 20 34 16 17 34 23 21 32 22 8 11 2 29 30 36 16 16 25 29 39 27 
1500 1500 1500 1500 1500 1500 1500 1500 1500 1500 1500 1500 1500 1500 1500 1500 1500 1500 1500 1500 1500 1500 1500 1500 1500 1500 1500 1500 1500 1500 7 21 3 35 21 11 28 21 18 25 36 23 26 29 13 22 18 3 8 35 30 4 14 6 26 29 15 39 13 4 
1500 1500 1500 1500 1500 1500 1500 1500 1500 1500 1500 1500 1500 1500 1500 1500 1500 1500 1500 1500 1500 1500 1500 1500 1500 1500 1500 1500 1500 1500 30 17 24 11 7 9 23 34 18 21 21 37 4 20 26 29 3 31 31 20 37 26 0 21 11 1 30 11 13 26 
1500 1500 1500 1500 1500 1500 1500 1500 1500 1500 1500 1500 1500 1500 1500 1500 1500 1500 1500 1500 1500 1500 1500 1500 1500 1500 1500 1500 1500 1500 15 1 12 26 4 19 38 18 26 38 11 30 12 9 17 19 37 37 32 9 22 8 30 30 5 35 19 4 9 22 
1500 1500 1500 1500 1500 1500 1500 1500 1500 1500 1500 1500 1500 1500 1500 1500 1500 1500 1500 1500 1500 1500 1500 1500 1500 1500 1500 1500 1500 1500 7 28 28 22 34 1 12 4 35 35 10 17 15 4 4 32 16 7 9 39 38 39 2 39 9 15 13 34 6 8 
1500 1500 1500 1500 1500 1500 1500 1500 1500 1500 1500 1500 1500 1500 1500 1500 1500 1500 1500 1500 1500 1500 1500 1500 1500 1500 1500 1500 1500 1500 39 14 7 34 31 16 36 19 16 10 35 20 39 13 39 23 31 29 22 32 5 23 19 36 3 15 33 39 39 21 
1500 1500 1500 1500 1500 1500 1500 1500 1500 1500 1500 1500 1500 1500 1500 1500 1500 1500 1500 1500 1500 1500 1500 1500 1500 1500 1500 1500 1500 1500 26 21 0 37 29 13 11 29 22 30 27 7 35 22 9 17 13 33 16 30 36 10 34 36 29 37 7 6 5 10 
1500 1500 1500 1500 1500 1500 1500 1500 1500 1500 1500 1500 1500 1500 1500 1500 1500 1500 1500 1500 1500 1500 1500 1500 1500 1500 1500 1500 1500 1500 38 15 38 5 38 24 13 26 29 19 10 37 4 15 5 22 3 2 36 13 31 10 11 30 8 14 14 35 18 12 
1500 1500 1500 1500 1500 1500 1500 1500 1500 1500 1500 1500 1500 1500 1500 1500 1500 1500 1500 1500 1500 1500 1500 1500 1500 1500 1500 1500 1500 1500 33 29 23 18 26 2 31 26 2 26 16 13 9 8 33 5 13 0 29 34 30 29 7 17 4 29 24 13 20 10 
1500 1500 1500 1500 1500 1500 1500 1500 1500 1500 1500 1500 1500 1500 1500 1500 1500 1500 1500 1500 1500 1500 1500 1500 1500 1500 1500 1500 1500 1500 16 10 33 30 13 3 4 29 21 19 16 28 17 9 26 31 19 1 33 7 16 19 10 32 5 28 16 25 0 39 
1500 1500 1500 1500 1500 1500 1500 1500 1500 1500 1500 1500 1500 1500 1500 1500 1500 1500 1500 1500 1500 1500 1500 1500 1500 1500 1500 1500 1500 1500 5 14 19 3 24 2 24 30 35 7 13 11 12 33 12 39 21 28 7 6 15 3 22 21 20 18 0 32 6 1 
1500 1500 1500 1500 1500 1500 1500 1500 1500 1500 1500 1500 1500 1500 1500 1500 1500 1500 1500 1500 1500 1500 1500 1500 1500 1500 1500 1500 1500 1500 1 16 29 25 17 28 35 11 4 14 7 8 14 11 36 14 19 25 4 29 17 6 2 29 7 29 21 4 35 19 
1500 1500 1500 1500 1500 1500 1500 1500 1500 1500 1500 1500 1500 1500 1500 1500 1500 1500 1500 1500 1500 1500 1500 1500 1500 1500 1500 1500 1500 1500 10 2 8 30 10 35 39 16 1 36 20 9 24 2 22 30 28 37 33 1 7 12 32 17 26 2 6 39 14 6 
1500 1500 1500 1500 1500 1500 1500 1500 1500 1500 1500 1500 1500 1500 1500 1500 1500 1500 1500 1500 1500 1500 1500 1500 1500 1500 1500 1500 1500 1500 37 9 11 14 27 25 35 23 13 37 22 3 10 27 1 7 28 4 36 28 11 39 21 7 31 27 1 17 32 16 
