10 200 30 30 500 28
1500 1500 1500 1500 1500 1500 1500 1500 1500 1500 1500 1500 1500 1500 1500 1500 1500 1500 1500 1500 1500 1500 1500 1500 1500 1500 1500 1500 1500 1500 23 37 9 34 1 6 0 8 36 39 21 33 37 33 0 11 22 13 24 31 12 20 39 22 8 25 24 22 9 10 
1500 1500 1500 1500 1500 1500 1500 1500 1500 1500 1500 1500 1500 1500 1500 1500 1500 1500 1500 1500 1500 1500 1500 1500 1500 1500 1500 1500 1500 1500 28 4 19 6 3 34 21 25 29 6 19 19 9 30 23 35 4 32 13 28 5 39 15 13 25 9 2 13 19 11 
1500 1500 1500 1500 1500 1500 1500 1500 1500 1500 1500 1500 1500 1500 1500 1500 1500 1500 1500 1500 1500 1500 1500 1500 1500 1500 1500 1500 1500 1500 4 12 35 1 2 11 13 4 32 18 8 2 34 29 30 4 14 11 1 1 12 2 0 1 33 14 33 24 1 14 
1500 1500 1500 1500 1500 1500 1500 1500 1500 1500 1500 1500 1500 1500 1500 1500 1500 1500 1500 1500 1500 1500 1500 1500 1500 1500 1500 1500 1500 1500 13 12 2 5 7 2 1 22 6 33 36 32 14 38 2 9 25 23 5 4 6 38 19 28 18 23 24 28 38 15 
1500 1500 1500 1500 1500 1500 1500 1500 1500 1500 1500 1500 1500 1500 1500 1500 1500 1500 1500 1500 1500 1500 1500 1500 1500 1500 1500 1500 1500 1500 14 0 23 35 35 36 35 19 21 25 33 19 30 17 4 34 20 17 25 27 27 6 30 33 1 35 22 20 16 5 
1500 1500 1500 1500 1500 1500 1500 1500 1500 1500 1500 1500 1500 1500 1500 1500 1500 1500 1500 1500 1500 1500 1500 1500 1500 1500 1500 1500 1500 1500 12 28 34 21 17 21 14 23 18 17 1 7 29 30 17 19 16 33 19 0 18 3 34 21 4 25 19 4 26 37 
1500 1500 1500 1500 1500 1500 1500 1500 1500 1500 1500 1500 1500 1500 1500 1500 1500 1500 1500 1500 1500 1500 1500 1500 1500 1500 1500 1500 1500 1500 17 5 28 33 21 14 10 38 19 25 25 23 7 38 19 26 28 26 7 37 12 5 3 28 5 8 12 14 12 10 
1500 1500 1500 1500 1500 1500 1500 1500 1500 1500 1500 1500 1500 1500 1500 1500 1500 1500 1500 1500 1500 1500 1500 1500 1500 1500 1500 1500 1500 1500 12 37 17 19 30 9 19 36 38 8 30 23 4 11 3 35 24 26 16 15 14 9 37 28 36 34 15 28 38 25 
1500 1500 1500 1500 1500 1500 1500 1500 1500 1500 1500 1500 1500 1500 1500 1500 1500 1500 1500 1500 1500 1500 1500 1500 1500 1500 1500 1500 1500 1500 16 3 35 27 1 24 19 0 14 25 26 9 3 6 7 3 21 20 28 28 19 37 21 11 39 26 27 33 39 2 
1500 1500 1500 1500 1500 1500 1500 1500 1500 1500 1500 1500 1500 1500 1500 1500 1500 1500 1500 1500 1500 1500 1500 1500 1500 1500 1500 1500 1500 1500 5 13 25 33 26 36 13 1 23 12 34 10 7 8 32 5 31 19 15 28 16 33 4 36 10 39 38 10 22 27 
1500 1500 1500 1500 1500 1500 1500 1500 1500 1500 1500 1500 1500 1500 1500 1500 1500 1500 1500 1500 1500 1500 1500 1500 1500 1500 1500 1500 1500 1500 18 24 29 2 12 21 24 9 30 16 24 35 27 19 6 29 15 9 25 9 1 18 8 29 18 13 33 24 27 34 
1500 1500 1500 1500 1500 1500 1500 1500 1500 1500 1500 1500 1500 1500 1500 1500 1500 1500 1500 1500 1500 1500 1500 1500 1500 1500 1500 1500 1500 1500 7 28 37 14 6 39 3 12 19 16 17 16 33 5 20 30 37 11 0 37 12 16 11 1 30 0 16 26 19 21 
1500 1500 1500 1500 1500 1500 1500 1500 1500 1500 1500 1500 1500 1500 1500 1500 1500 1500 1500 1500 1500 1500 1500 1500 1500 1500 1500 1500 1500 1500 32 15 2 31 22 15 12 12 3 17 36 22 19 1 3 36 13 11 13 9 29 5 30 35 1 7 11 1 27 5 
1500 1500 1500 1500 1500 1500 1500 1500 1500 1500 1500 1500 1500 1500 1500 1500 1500 1500 1500 1500 1500 1500 1500 1500 1500 1500 1500 1500 1500 1500 20 7 29 13 31 5 33 11 28 24 13 13 5 33 14 34 32 22 23 18 30 32 24 7 31 16 39 24 36 0 
1500 1500 1500 1500 1500 1500 1500 1500 1500 1500 1500 1500 1500 1500 1500 1500 1500 1500 1500 1500 1500 1500 1500 1500 1500 1500 1500 1500 1500 1500 12 38 36 22 0 38 39 19 19 18 21 26 15 1 9 12 37 6 11 28 16 16 3 19 13 36 38 24 34 29 
1500 1500 1500 1500 1500 1500 1500 1500 1500 1500 1500 1500 1500 1500 1500 1500 1500 1500 1500 1500 1500 1500 1500 1500 1500 1500 1500 1500 1500 1500 23 2 11 33 29 5 25 9 14 6 9 3 11 35 0 8 3 14 0 38 19 16 27 24 9 6 38 24 25 34 
1500 1500 1500 1500 1500 1500 1500 1500 1500 1500 1500 1500 1500 1500 1500 1500 1500 1500 1500 1500 1500 1500 1500 1500 1500 1500 1500 1500 1500 1500 25 23 10 8 31 1 25 2 28 26 24 10 3 33 7 23 19 37 21 15 17 23 20 38 0 8 2 23 2 23 
1500 1500 1500 1500 1500 1500 1500 1500 1500 1500 1500 1500 1500 1500 1500 1500 1500 1500 1500 1500 1500 1500 1500 1500 1500 1500 1500 1500 1500 1500 6 30 17 24 25 4 35 22 30 16 8 9 12 14 16 10 12 16 35 34 22 4 3 0 14 1 27 25 5 30 
1500 1500 1500 1500 1500 1500 1500 1500 1500 1500 1500 1500 1500 1500 1500 1500 1500 1500 1500 1500 1500 1500 1500 1500 1500 1500 1500 1500 1500 1500 29 28 16 36 1 21 19 20 38 17 36 8 31 25 4 11 30 15 36 29 31 4 25 21 18 25 34 4 8 12 
1500 1500 1500 1500 1500 1500 1500 1500 1500 1500 1500 1500 1500 1500 1500 1500 1500 1500 1500 1500 1500 1500 1500 1500 1500 1500 1500 1500 1500 1500 6 16 13 8 1 5 10 19 14 24 31 8 29 28 36 29 6 5 19 17 29 26 12 21 35 24 31 19 19 0 
1500 1500 1500 1500 1500 1500 1500 1500 1500 1500 1500 1500 1500 1500 1500 1500 1500 1500 1500 1500 1500 1500 1500 1500 1500 1500 1500 1500 1500 1500 22 5 33 16 38 29 18 24 29 32 26 37 29 4 0 9 27 4 5 14 18 24 7 21 32 32 31 7 31 16 
1500 1500 1500 1500 1500 1500 1500 1500 1500 1500 1500 1500 1500 1500 1500 1500 1500 1500 1500 1500 1500 1500 1500 1500 1500 1500 1500 1500 1500 1500 19 19 12 31 8 15 6 26 15 10 25 15 1 25 5 7 39 24 10 30 28 20 38 32 24 7 22 5 17 15 
1500 1500 1500 1500 1500 1500 1500 1500 1500 1500 1500 1500 1500 1500 1500 1500 1500 1500 1500 1500 1500 1500 1500 1500 1500 1500 1500 1500 1500 1500 16 30 35 25 13 15 19 37 16 11 34 32 33 15 16 1 38 8 3 34 21 2 17 22 28 22 21 39 33 32 
1500 1500 1500 1500 1500 1500 1500 1500 1500 1500 1500 1500 1500 1500 1500 1500 1500 1500 1500 1500 1500 1500 1500 1500 1500 1500 1500 1500 1500 1500 29 25 20 31 5 16 37 19 19 12 25 35 27 21 21 29 30 29 18 21 4 4 19 21 22 2 24 6 36 17 
1500 1500 1500 1500 1500 1500 1500 1500 1500 1500 1500 1500 1500 1500 1500 1500 1500 1500 1500 1500 1500 1500 1500 1500 1500 1500 1500 1500 1500 1500 0 17 12 11 31 31 31 18 25 10 30 5 26 4 12 1 23 33 13 8 2 29 7 5 8 11 2 24 31 8 
1500 1500 1500 1500 1500 1500 1500 1500 1500 1500 1500 1500 1500 1500 1500 1500 1500 1500 1500 1500 1500 1500 1500 1500 1500 1500 1500 1500 1500 1500 22 6 0 8 5 31 23 25 2 32 28 27 0 13 34 25 24 22 32 35 15 8 2 29 1 22 11 34 13 16 
1500 1500 1500 1500 1500 1500 1500 1500 1500 1500 1500 1500 1500 1500 1500 1500 1500 1500 1500 1500 1500 1500 1500 1500 1500 1500 1500 1500 1500 1500 21 32 28 31 14 3 5 29 30 8 24 39 36 16 0 39 8 31 20 1 11 12 32 7 3 12 26 14 9 14 
1500 1500 1500 1500 1500 1500 1500 1500 1500 1500 1500 1500 1500 1500 1500 1500 1500 1500 1500 1500 1500 1500 1500 1500 1500 1500 1500 1500 1500 1500 39 32 14 4 24 38 36 9 26 7 29 1 28 7 36 17 2 32 25 21 6 20 10 27 36 5 15 18 12 33 
