1500.000000
1500.000000
1500.000000
1500.000000
1500.000000
1500.000000
1500.000000
1500.000000
1500.000000
1500.000000
1500.000000
1500.000000
1500.000000
1500.000000
1500.000000
1500.000000
1500.000000
1500.000000
1500.000000
1500.000000
1256.976846
1256.976846
1256.976846
1256.976846
1256.976846
1256.976846
1256.976846
1256.976846
1256.976846
1256.976846
1256.976846
1256.976846
1256.976846
1256.976846
1256.976846
1256.976846
1256.976846
1256.976846
1256.976846
1256.976846
1092.068277
1092.068277
1092.068277
1092.068277
1092.068277
1092.068277
1092.068277
1092.068277
1092.068277
1092.068277
1092.068277
1092.068277
1092.068277
1092.068277
1092.068277
1092.068277
1092.068277
1092.068277
1092.068277
1092.068277
967.272603
967.272603
967.272603
967.272603
967.272603
967.272603
967.272603
967.272603
967.272603
967.272603
967.272603
967.272603
967.272603
967.272603
967.272603
967.272603
967.272603
967.272603
967.272603
967.272603
866.893475
866.893475
866.893475
866.893475
866.893475
866.893475
866.893475
866.893475
866.893475
866.893475
866.893475
866.893475
866.893475
866.893475
866.893475
866.893475
866.893475
866.893475
866.893475
866.893475
782.940021
782.940021
782.940021
782.940021
782.940021
782.940021
782.940021
782.940021
782.940021
782.940021
782.940021
782.940021
782.940021
782.940021
782.940021
782.940021
782.940021
782.940021
782.940021
782.940021
710.792523
710.792523
710.792523
710.792523
710.792523
710.792523
710.792523
710.792523
710.792523
710.792523
710.792523
710.792523
710.792523
710.792523
710.792523
710.792523
710.792523
710.792523
710.792523
710.792523
647.539921
647.539921
647.539921
647.539921
647.539921
647.539921
647.539921
647.539921
647.539921
647.539921
647.539921
647.539921
647.539921
647.539921
647.539921
647.539921
647.539921
647.539921
647.539921
647.539921
591.229678
591.229678
591.229678
591.229678
591.229678
591.229678
591.229678
591.229678
591.229678
591.229678
591.229678
591.229678
591.229678
591.229678
591.229678
591.229678
591.229678
591.229678
591.229678
591.229678
540.488580
540.488580
540.488580
540.488580
540.488580
540.488580
540.488580
540.488580
540.488580
540.488580
540.488580
540.488580
540.488580
540.488580
540.488580
540.488580
540.488580
540.488580
540.488580
540.488580
494.314180
494.314180
494.314180
494.314180
494.314180
494.314180
494.314180
494.314180
494.314180
494.314180
494.314180
494.314180
494.314180
494.314180
494.314180
494.314180
494.314180
494.314180
494.314180
494.314180
451.952346
451.952346
451.952346
451.952346
451.952346
451.952346
451.952346
451.952346
451.952346
451.952346
451.952346
451.952346
451.952346
451.952346
451.952346
451.952346
451.952346
451.952346
451.952346
451.952346
412.821499
412.821499
412.821499
412.821499
412.821499
412.821499
412.821499
412.821499
412.821499
412.821499
412.821499
412.821499
412.821499
412.821499
412.821499
412.821499
412.821499
412.821499
412.821499
412.821499
376.463705
376.463705
376.463705
376.463705
376.463705
376.463705
376.463705
376.463705
376.463705
376.463705
376.463705
376.463705
376.463705
376.463705
376.463705
376.463705
376.463705
376.463705
376.463705
376.463705
342.511941
342.511941
342.511941
342.511941
342.511941
342.511941
342.511941
342.511941
342.511941
342.511941
342.511941
342.511941
342.511941
342.511941
342.511941
342.511941
342.511941
342.511941
342.511941
342.511941
310.667527
310.667527
310.667527
310.667527
310.667527
310.667527
310.667527
310.667527
310.667527
310.667527
310.667527
310.667527
310.667527
310.667527
310.667527
310.667527
310.667527
310.667527
310.667527
310.667527
280.684151
280.684151
280.684151
280.684151
280.684151
280.684151
280.684151
280.684151
280.684151
280.684151
280.684151
280.684151
280.684151
280.684151
280.684151
280.684151
280.684151
280.684151
280.684151
280.684151
252.356299
252.356299
252.356299
252.356299
252.356299
252.356299
252.356299
252.356299
252.356299
252.356299
252.356299
252.356299
252.356299
252.356299
252.356299
252.356299
252.356299
252.356299
252.356299
252.356299
225.510718
225.510718
225.510718
225.510718
225.510718
225.510718
225.510718
225.510718
225.510718
225.510718
225.510718
225.510718
225.510718
225.510718
225.510718
225.510718
225.510718
225.510718
225.510718
225.510718
200.000000
200.000000
200.000000
200.000000
200.000000
200.000000
200.000000
200.000000
200.000000
200.000000
200.000000
200.000000
200.000000
200.000000
200.000000
200.000000
200.000000
200.000000
200.000000
200.000000
