1500.000000
1500.000000
1500.000000
1500.000000
1500.000000
1500.000000
1500.000000
1500.000000
1500.000000
1500.000000
1500.000000
1500.000000
1500.000000
1500.000000
1500.000000
1500.000000
1500.000000
1500.000000
1500.000000
1500.000000
696.808362
696.808362
696.808362
696.808362
696.808362
696.808362
696.808362
696.808362
696.808362
696.808362
696.808362
696.808362
696.808362
696.808362
696.808362
696.808362
696.808362
696.808362
696.808362
696.808362
449.672474
449.672474
449.672474
449.672474
449.672474
449.672474
449.672474
449.672474
449.672474
449.672474
449.672474
449.672474
449.672474
449.672474
449.672474
449.672474
449.672474
449.672474
449.672474
449.672474
303.637631
303.637631
303.637631
303.637631
303.637631
303.637631
303.637631
303.637631
303.637631
303.637631
303.637631
303.637631
303.637631
303.637631
303.637631
303.637631
303.637631
303.637631
303.637631
303.637631
200.000000
200.000000
200.000000
200.000000
200.000000
200.000000
200.000000
200.000000
200.000000
200.000000
200.000000
200.000000
200.000000
200.000000
200.000000
200.000000
200.000000
200.000000
200.000000
200.000000
