10 1000 150 150 500 50
1500 1500 1500 1500 1500 1500 1500 1500 1500 1500 1500 1500 1500 1500 1500 1500 1500 1500 1500 1500 1500 1500 1500 1500 1500 1500 1500 1500 1500 1500 1500 1500 1500 1500 1500 1500 1500 1500 1500 1500 1500 1500 1500 1500 1500 1500 1500 1500 1500 1500 1500 1500 1500 1500 1500 1500 1500 1500 1500 1500 1500 1500 1500 1500 1500 1500 1500 1500 1500 1500 1500 1500 1500 1500 1500 1500 1500 1500 1500 1500 1500 1500 1500 1500 1500 1500 1500 1500 1500 1500 1500 1500 1500 1500 1500 1500 1500 1500 1500 1500 1500 1500 1500 1500 1500 1500 1500 1500 1500 1500 1500 1500 1500 1500 1500 1500 1500 1500 1500 1500 1500 1500 1500 1500 1500 1500 1500 1500 1500 1500 1500 1500 1500 1500 1500 1500 1500 1500 1500 1500 1500 1500 1500 1500 1500 1500 1500 1500 1500 1500 31 38 31 19 19 34 5 3 3 16 15 32 7 37 12 12 37 22 31 35 5 23 31 38 35 3 25 24 21 31 34 7 17 20 12 3 7 3 29 26 19 6 25 25 36 36 28 12 0 34 16 19 19 32 34 2 33 34 4 10 29 32 12 21 12 7 19 16 26 12 20 21 30 14 5 3 0 21 22 18 15 12 6 3 15 39 18 14 32 26 31 6 3 39 23 38 10 27 16 25 32 11 38 14 24 32 1 3 29 13 16 23 30 12 32 12 15 4 3 15 26 4 34 23 29 21 24 25 4 0 21 15 37 8 4 36 20 0 27 29 22 5 5 31 22 11 33 34 19 0 

1500 1500 1500 1500 1500 1500 1500 1500 1500 1500 1500 1500 1500 1500 1500 1500 1500 1500 1500 1500 1500 1500 1500 1500 1500 1500 1500 1500 1500 1500 1500 1500 1500 1500 1500 1500 1500 1500 1500 1500 1500 1500 1500 1500 1500 1500 1500 1500 1500 1500 1500 1500 1500 1500 1500 1500 1500 1500 1500 1500 1500 1500 1500 1500 1500 1500 1500 1500 1500 1500 1500 1500 1500 1500 1500 1500 1500 1500 1500 1500 1500 1500 1500 1500 1500 1500 1500 1500 1500 1500 1500 1500 1500 1500 1500 1500 1500 1500 1500 1500 1500 1500 1500 1500 1500 1500 1500 1500 1500 1500 1500 1500 1500 1500 1500 1500 1500 1500 1500 1500 1500 1500 1500 1500 1500 1500 1500 1500 1500 1500 1500 1500 1500 1500 1500 1500 1500 1500 1500 1500 1500 1500 1500 1500 1500 1500 1500 1500 1500 1500 16 38 32 11 36 21 16 15 29 5 12 18 14 17 20 8 4 3 0 19 9 9 25 38 1 5 1 21 5 38 31 26 17 28 25 3 14 0 10 34 0 1 8 37 39 38 38 26 8 19 3 20 37 1 36 24 39 33 24 28 34 3 15 16 28 20 0 13 15 7 12 33 5 39 14 26 15 14 11 27 0 0 32 17 21 10 5 11 39 20 16 37 2 32 17 23 32 36 27 38 16 19 33 8 34 19 33 17 28 35 21 18 24 12 16 11 38 7 31 21 0 14 29 37 31 21 34 26 31 39 2 15 5 27 30 37 13 11 37 25 8 37 16 2 36 20 1 7 33 23 

1500 1500 1500 1500 1500 1500 1500 1500 1500 1500 1500 1500 1500 1500 1500 1500 1500 1500 1500 1500 1500 1500 1500 1500 1500 1500 1500 1500 1500 1500 1500 1500 1500 1500 1500 1500 1500 1500 1500 1500 1500 1500 1500 1500 1500 1500 1500 1500 1500 1500 1500 1500 1500 1500 1500 1500 1500 1500 1500 1500 1500 1500 1500 1500 1500 1500 1500 1500 1500 1500 1500 1500 1500 1500 1500 1500 1500 1500 1500 1500 1500 1500 1500 1500 1500 1500 1500 1500 1500 1500 1500 1500 1500 1500 1500 1500 1500 1500 1500 1500 1500 1500 1500 1500 1500 1500 1500 1500 1500 1500 1500 1500 1500 1500 1500 1500 1500 1500 1500 1500 1500 1500 1500 1500 1500 1500 1500 1500 1500 1500 1500 1500 1500 1500 1500 1500 1500 1500 1500 1500 1500 1500 1500 1500 1500 1500 1500 1500 1500 1500 33 1 30 13 10 26 7 31 3 26 32 20 1 23 13 18 39 31 20 19 38 39 8 26 12 6 20 24 26 34 14 35 7 7 0 20 20 34 0 20 12 18 10 14 7 13 34 39 18 2 0 3 35 35 37 17 9 7 32 30 28 29 14 2 18 13 1 2 2 7 20 2 2 14 13 19 2 36 2 23 23 16 1 6 18 8 35 31 29 12 15 10 13 12 17 22 7 3 5 20 0 39 8 31 38 5 15 38 24 23 6 30 29 34 36 18 31 33 15 6 33 25 25 3 37 4 7 30 1 1 7 30 16 11 11 22 10 2 3 10 1 19 20 32 22 11 13 23 25 34 

1500 1500 1500 1500 1500 1500 1500 1500 1500 1500 1500 1500 1500 1500 1500 1500 1500 1500 1500 1500 1500 1500 1500 1500 1500 1500 1500 1500 1500 1500 1500 1500 1500 1500 1500 1500 1500 1500 1500 1500 1500 1500 1500 1500 1500 1500 1500 1500 1500 1500 1500 1500 1500 1500 1500 1500 1500 1500 1500 1500 1500 1500 1500 1500 1500 1500 1500 1500 1500 1500 1500 1500 1500 1500 1500 1500 1500 1500 1500 1500 1500 1500 1500 1500 1500 1500 1500 1500 1500 1500 1500 1500 1500 1500 1500 1500 1500 1500 1500 1500 1500 1500 1500 1500 1500 1500 1500 1500 1500 1500 1500 1500 1500 1500 1500 1500 1500 1500 1500 1500 1500 1500 1500 1500 1500 1500 1500 1500 1500 1500 1500 1500 1500 1500 1500 1500 1500 1500 1500 1500 1500 1500 1500 1500 1500 1500 1500 1500 1500 1500 22 31 15 8 1 15 22 6 3 12 9 3 26 30 21 34 33 15 7 18 4 5 0 33 3 19 9 29 38 7 37 22 34 37 28 8 24 27 13 24 21 32 21 38 10 39 34 33 12 30 38 26 29 0 19 33 36 14 17 27 39 15 17 36 23 21 33 24 3 36 1 35 30 9 7 25 38 4 12 8 39 27 10 26 27 26 6 33 23 31 12 33 23 36 4 13 17 7 27 1 21 9 20 30 37 23 23 18 28 7 4 39 15 27 37 22 4 24 10 4 39 33 22 21 33 0 8 12 3 24 12 20 18 6 2 22 10 35 24 30 34 13 25 21 17 28 26 12 28 4 

1500 1500 1500 1500 1500 1500 1500 1500 1500 1500 1500 1500 1500 1500 1500 1500 1500 1500 1500 1500 1500 1500 1500 1500 1500 1500 1500 1500 1500 1500 1500 1500 1500 1500 1500 1500 1500 1500 1500 1500 1500 1500 1500 1500 1500 1500 1500 1500 1500 1500 1500 1500 1500 1500 1500 1500 1500 1500 1500 1500 1500 1500 1500 1500 1500 1500 1500 1500 1500 1500 1500 1500 1500 1500 1500 1500 1500 1500 1500 1500 1500 1500 1500 1500 1500 1500 1500 1500 1500 1500 1500 1500 1500 1500 1500 1500 1500 1500 1500 1500 1500 1500 1500 1500 1500 1500 1500 1500 1500 1500 1500 1500 1500 1500 1500 1500 1500 1500 1500 1500 1500 1500 1500 1500 1500 1500 1500 1500 1500 1500 1500 1500 1500 1500 1500 1500 1500 1500 1500 1500 1500 1500 1500 1500 1500 1500 1500 1500 1500 1500 17 38 12 15 28 15 34 16 22 16 14 10 14 22 19 9 13 21 21 4 25 32 13 33 8 37 17 6 33 23 5 12 2 33 22 1 8 28 30 7 35 20 23 23 4 25 9 16 29 15 17 28 18 38 0 8 36 3 26 0 16 27 15 32 6 9 1 17 10 37 26 19 0 29 36 10 28 0 26 17 28 6 15 16 5 29 33 38 12 37 4 16 16 35 13 32 35 34 35 33 38 13 5 38 28 29 26 32 31 8 14 0 12 10 5 3 21 15 34 34 7 17 3 20 17 26 13 11 25 1 35 7 29 6 7 36 11 33 14 4 11 31 27 5 5 20 11 2 32 17 

1500 1500 1500 1500 1500 1500 1500 1500 1500 1500 1500 1500 1500 1500 1500 1500 1500 1500 1500 1500 1500 1500 1500 1500 1500 1500 1500 1500 1500 1500 1500 1500 1500 1500 1500 1500 1500 1500 1500 1500 1500 1500 1500 1500 1500 1500 1500 1500 1500 1500 1500 1500 1500 1500 1500 1500 1500 1500 1500 1500 1500 1500 1500 1500 1500 1500 1500 1500 1500 1500 1500 1500 1500 1500 1500 1500 1500 1500 1500 1500 1500 1500 1500 1500 1500 1500 1500 1500 1500 1500 1500 1500 1500 1500 1500 1500 1500 1500 1500 1500 1500 1500 1500 1500 1500 1500 1500 1500 1500 1500 1500 1500 1500 1500 1500 1500 1500 1500 1500 1500 1500 1500 1500 1500 1500 1500 1500 1500 1500 1500 1500 1500 1500 1500 1500 1500 1500 1500 1500 1500 1500 1500 1500 1500 1500 1500 1500 1500 1500 1500 23 24 26 37 17 23 36 10 29 12 15 2 23 28 33 8 5 34 38 38 2 11 11 14 7 39 32 10 10 10 11 5 11 27 6 20 34 23 25 3 8 11 38 12 23 26 26 1 38 15 37 1 10 39 4 2 31 25 1 28 11 0 0 25 38 8 35 39 38 12 24 1 21 29 27 16 17 0 16 0 17 1 20 14 26 22 30 12 24 19 0 17 8 34 15 0 23 38 0 14 6 25 7 19 34 16 21 26 8 22 3 28 6 17 24 11 22 6 27 28 30 3 9 29 8 24 15 13 6 21 35 16 25 17 23 31 16 38 39 36 0 31 23 12 24 21 39 3 32 39 

1500 1500 1500 1500 1500 1500 1500 1500 1500 1500 1500 1500 1500 1500 1500 1500 1500 1500 1500 1500 1500 1500 1500 1500 1500 1500 1500 1500 1500 1500 1500 1500 1500 1500 1500 1500 1500 1500 1500 1500 1500 1500 1500 1500 1500 1500 1500 1500 1500 1500 1500 1500 1500 1500 1500 1500 1500 1500 1500 1500 1500 1500 1500 1500 1500 1500 1500 1500 1500 1500 1500 1500 1500 1500 1500 1500 1500 1500 1500 1500 1500 1500 1500 1500 1500 1500 1500 1500 1500 1500 1500 1500 1500 1500 1500 1500 1500 1500 1500 1500 1500 1500 1500 1500 1500 1500 1500 1500 1500 1500 1500 1500 1500 1500 1500 1500 1500 1500 1500 1500 1500 1500 1500 1500 1500 1500 1500 1500 1500 1500 1500 1500 1500 1500 1500 1500 1500 1500 1500 1500 1500 1500 1500 1500 1500 1500 1500 1500 1500 1500 23 16 4 32 27 10 32 34 25 28 14 19 35 26 13 6 35 33 31 24 2 5 30 23 39 13 32 6 4 17 26 32 39 4 4 25 2 28 29 18 2 26 34 35 30 21 17 32 16 29 4 36 39 6 9 6 39 11 37 2 22 14 30 1 20 32 12 16 30 23 1 6 1 8 12 13 15 4 7 23 39 12 16 2 28 38 27 9 2 33 33 6 12 16 37 11 34 38 34 20 17 33 29 22 31 33 30 9 21 2 37 21 5 18 7 12 32 38 27 6 33 1 34 36 26 17 18 25 22 16 18 5 32 37 18 0 24 20 24 11 32 13 34 28 34 9 29 25 5 14 

1500 1500 1500 1500 1500 1500 1500 1500 1500 1500 1500 1500 1500 1500 1500 1500 1500 1500 1500 1500 1500 1500 1500 1500 1500 1500 1500 1500 1500 1500 1500 1500 1500 1500 1500 1500 1500 1500 1500 1500 1500 1500 1500 1500 1500 1500 1500 1500 1500 1500 1500 1500 1500 1500 1500 1500 1500 1500 1500 1500 1500 1500 1500 1500 1500 1500 1500 1500 1500 1500 1500 1500 1500 1500 1500 1500 1500 1500 1500 1500 1500 1500 1500 1500 1500 1500 1500 1500 1500 1500 1500 1500 1500 1500 1500 1500 1500 1500 1500 1500 1500 1500 1500 1500 1500 1500 1500 1500 1500 1500 1500 1500 1500 1500 1500 1500 1500 1500 1500 1500 1500 1500 1500 1500 1500 1500 1500 1500 1500 1500 1500 1500 1500 1500 1500 1500 1500 1500 1500 1500 1500 1500 1500 1500 1500 1500 1500 1500 1500 1500 17 8 5 15 2 18 0 11 34 27 1 13 17 17 5 23 28 39 30 23 10 22 14 6 15 8 27 25 29 17 22 17 1 22 17 15 3 4 21 18 7 39 2 30 16 8 11 18 38 19 34 39 9 34 31 25 22 1 8 8 19 23 12 21 19 1 24 8 3 19 16 18 27 36 17 37 30 32 10 3 32 3 32 35 10 11 0 3 30 7 2 31 29 22 33 5 26 2 22 20 13 0 22 24 27 6 11 21 20 36 25 2 30 23 3 9 30 30 26 39 0 25 15 16 37 0 17 13 35 5 36 38 6 25 30 23 23 11 17 15 24 15 9 13 38 25 37 17 26 9 

1500 1500 1500 1500 1500 1500 1500 1500 1500 1500 1500 1500 1500 1500 1500 1500 1500 1500 1500 1500 1500 1500 1500 1500 1500 1500 1500 1500 1500 1500 1500 1500 1500 1500 1500 1500 1500 1500 1500 1500 1500 1500 1500 1500 1500 1500 1500 1500 1500 1500 1500 1500 1500 1500 1500 1500 1500 1500 1500 1500 1500 1500 1500 1500 1500 1500 1500 1500 1500 1500 1500 1500 1500 1500 1500 1500 1500 1500 1500 1500 1500 1500 1500 1500 1500 1500 1500 1500 1500 1500 1500 1500 1500 1500 1500 1500 1500 1500 1500 1500 1500 1500 1500 1500 1500 1500 1500 1500 1500 1500 1500 1500 1500 1500 1500 1500 1500 1500 1500 1500 1500 1500 1500 1500 1500 1500 1500 1500 1500 1500 1500 1500 1500 1500 1500 1500 1500 1500 1500 1500 1500 1500 1500 1500 1500 1500 1500 1500 1500 1500 20 9 8 11 17 20 7 23 24 5 23 34 26 5 35 11 33 21 2 39 3 21 0 1 6 3 31 19 16 32 25 28 8 4 9 28 5 23 21 6 12 9 17 27 17 30 30 20 30 5 37 29 1 4 26 17 32 4 2 18 17 19 29 19 28 28 29 31 10 37 8 4 30 0 13 21 24 22 14 29 36 26 19 23 35 15 9 21 27 16 7 0 10 8 2 22 20 35 37 15 35 12 33 33 11 34 6 17 16 34 27 17 20 35 11 20 29 39 1 11 9 22 7 39 5 16 38 30 25 35 2 2 22 0 1 7 1 32 5 25 22 6 6 0 7 25 33 3 14 21 

1500 1500 1500 1500 1500 1500 1500 1500 1500 1500 1500 1500 1500 1500 1500 1500 1500 1500 1500 1500 1500 1500 1500 1500 1500 1500 1500 1500 1500 1500 1500 1500 1500 1500 1500 1500 1500 1500 1500 1500 1500 1500 1500 1500 1500 1500 1500 1500 1500 1500 1500 1500 1500 1500 1500 1500 1500 1500 1500 1500 1500 1500 1500 1500 1500 1500 1500 1500 1500 1500 1500 1500 1500 1500 1500 1500 1500 1500 1500 1500 1500 1500 1500 1500 1500 1500 1500 1500 1500 1500 1500 1500 1500 1500 1500 1500 1500 1500 1500 1500 1500 1500 1500 1500 1500 1500 1500 1500 1500 1500 1500 1500 1500 1500 1500 1500 1500 1500 1500 1500 1500 1500 1500 1500 1500 1500 1500 1500 1500 1500 1500 1500 1500 1500 1500 1500 1500 1500 1500 1500 1500 1500 1500 1500 1500 1500 1500 1500 1500 1500 2 26 1 12 13 15 6 2 3 30 34 34 19 17 14 26 5 0 24 29 19 30 35 32 16 24 35 6 24 10 13 7 21 27 13 1 11 37 34 30 5 16 15 34 10 36 23 39 15 31 2 28 5 16 2 9 25 27 33 25 31 36 11 35 19 35 23 33 25 4 14 13 26 14 32 0 8 1 26 20 24 2 27 31 19 37 25 22 26 13 0 23 14 8 2 26 37 22 5 35 8 21 37 25 39 37 24 27 2 30 39 14 33 32 22 8 16 9 22 37 26 35 19 30 34 38 30 10 23 6 6 10 17 11 22 9 20 19 9 6 38 10 0 2 38 8 24 13 12 29 

1500 1500 1500 1500 1500 1500 1500 1500 1500 1500 1500 1500 1500 1500 1500 1500 1500 1500 1500 1500 1500 1500 1500 1500 1500 1500 1500 1500 1500 1500 1500 1500 1500 1500 1500 1500 1500 1500 1500 1500 1500 1500 1500 1500 1500 1500 1500 1500 1500 1500 1500 1500 1500 1500 1500 1500 1500 1500 1500 1500 1500 1500 1500 1500 1500 1500 1500 1500 1500 1500 1500 1500 1500 1500 1500 1500 1500 1500 1500 1500 1500 1500 1500 1500 1500 1500 1500 1500 1500 1500 1500 1500 1500 1500 1500 1500 1500 1500 1500 1500 1500 1500 1500 1500 1500 1500 1500 1500 1500 1500 1500 1500 1500 1500 1500 1500 1500 1500 1500 1500 1500 1500 1500 1500 1500 1500 1500 1500 1500 1500 1500 1500 1500 1500 1500 1500 1500 1500 1500 1500 1500 1500 1500 1500 1500 1500 1500 1500 1500 1500 33 19 9 23 13 36 5 16 1 8 13 37 38 15 17 2 2 35 31 39 5 11 8 30 21 8 3 26 14 38 39 4 10 32 8 33 21 11 28 24 28 23 21 31 4 16 36 21 10 39 3 26 33 15 4 17 17 19 24 6 27 14 21 37 37 9 5 9 26 0 17 29 26 35 1 28 33 8 11 23 23 15 10 14 9 12 30 22 33 6 16 22 10 13 1 4 20 8 1 29 12 30 26 4 29 19 5 27 24 3 19 34 20 2 0 30 6 17 23 11 10 10 3 11 1 21 32 18 6 5 30 24 14 39 27 21 37 38 20 24 10 12 12 27 37 8 36 2 5 6 

1500 1500 1500 1500 1500 1500 1500 1500 1500 1500 1500 1500 1500 1500 1500 1500 1500 1500 1500 1500 1500 1500 1500 1500 1500 1500 1500 1500 1500 1500 1500 1500 1500 1500 1500 1500 1500 1500 1500 1500 1500 1500 1500 1500 1500 1500 1500 1500 1500 1500 1500 1500 1500 1500 1500 1500 1500 1500 1500 1500 1500 1500 1500 1500 1500 1500 1500 1500 1500 1500 1500 1500 1500 1500 1500 1500 1500 1500 1500 1500 1500 1500 1500 1500 1500 1500 1500 1500 1500 1500 1500 1500 1500 1500 1500 1500 1500 1500 1500 1500 1500 1500 1500 1500 1500 1500 1500 1500 1500 1500 1500 1500 1500 1500 1500 1500 1500 1500 1500 1500 1500 1500 1500 1500 1500 1500 1500 1500 1500 1500 1500 1500 1500 1500 1500 1500 1500 1500 1500 1500 1500 1500 1500 1500 1500 1500 1500 1500 1500 1500 28 20 35 24 19 10 19 3 10 28 19 11 19 11 23 20 9 14 22 24 25 21 22 27 17 36 23 31 3 24 4 4 19 39 20 17 5 37 21 4 14 34 4 32 31 10 16 38 0 14 13 21 25 29 33 23 3 24 34 6 8 38 26 23 24 39 39 16 31 29 39 35 37 1 28 38 2 39 37 31 31 7 11 13 0 33 34 2 27 35 36 16 28 26 0 36 26 17 19 12 16 21 4 11 20 9 28 8 25 7 35 20 33 3 32 15 12 16 24 15 7 11 7 23 33 16 5 1 12 10 20 14 33 24 8 3 17 3 26 23 18 26 19 30 26 38 20 19 34 16 

1500 1500 1500 1500 1500 1500 1500 1500 1500 1500 1500 1500 1500 1500 1500 1500 1500 1500 1500 1500 1500 1500 1500 1500 1500 1500 1500 1500 1500 1500 1500 1500 1500 1500 1500 1500 1500 1500 1500 1500 1500 1500 1500 1500 1500 1500 1500 1500 1500 1500 1500 1500 1500 1500 1500 1500 1500 1500 1500 1500 1500 1500 1500 1500 1500 1500 1500 1500 1500 1500 1500 1500 1500 1500 1500 1500 1500 1500 1500 1500 1500 1500 1500 1500 1500 1500 1500 1500 1500 1500 1500 1500 1500 1500 1500 1500 1500 1500 1500 1500 1500 1500 1500 1500 1500 1500 1500 1500 1500 1500 1500 1500 1500 1500 1500 1500 1500 1500 1500 1500 1500 1500 1500 1500 1500 1500 1500 1500 1500 1500 1500 1500 1500 1500 1500 1500 1500 1500 1500 1500 1500 1500 1500 1500 1500 1500 1500 1500 1500 1500 8 24 27 14 25 7 33 6 5 32 10 24 14 17 32 5 20 18 20 2 19 16 33 21 27 18 31 13 21 16 1 7 30 13 2 2 32 21 31 14 37 7 14 30 31 32 23 7 4 28 1 13 20 11 34 0 27 36 7 32 8 32 28 2 0 14 19 5 1 2 34 2 3 24 4 6 5 18 30 39 3 16 8 37 38 11 3 38 4 16 20 20 10 10 24 9 25 22 23 18 3 26 18 37 10 22 37 39 23 13 15 33 2 19 34 19 20 22 3 11 31 36 26 39 15 33 12 0 15 24 1 36 19 29 39 7 13 37 3 33 35 8 21 39 35 34 34 36 25 5 

1500 1500 1500 1500 1500 1500 1500 1500 1500 1500 1500 1500 1500 1500 1500 1500 1500 1500 1500 1500 1500 1500 1500 1500 1500 1500 1500 1500 1500 1500 1500 1500 1500 1500 1500 1500 1500 1500 1500 1500 1500 1500 1500 1500 1500 1500 1500 1500 1500 1500 1500 1500 1500 1500 1500 1500 1500 1500 1500 1500 1500 1500 1500 1500 1500 1500 1500 1500 1500 1500 1500 1500 1500 1500 1500 1500 1500 1500 1500 1500 1500 1500 1500 1500 1500 1500 1500 1500 1500 1500 1500 1500 1500 1500 1500 1500 1500 1500 1500 1500 1500 1500 1500 1500 1500 1500 1500 1500 1500 1500 1500 1500 1500 1500 1500 1500 1500 1500 1500 1500 1500 1500 1500 1500 1500 1500 1500 1500 1500 1500 1500 1500 1500 1500 1500 1500 1500 1500 1500 1500 1500 1500 1500 1500 1500 1500 1500 1500 1500 1500 33 11 20 17 35 5 24 18 7 25 2 22 4 8 38 18 11 38 27 35 14 30 14 14 19 29 12 21 21 19 34 37 6 24 29 23 29 31 11 27 30 18 9 18 13 9 37 39 5 3 16 8 15 32 27 8 22 19 10 32 16 26 34 11 11 11 18 26 31 1 0 9 1 22 16 0 31 15 17 34 15 2 3 38 35 1 20 20 34 20 13 5 14 24 24 21 28 5 14 12 2 23 19 26 22 14 5 0 27 17 38 5 26 6 11 15 25 1 11 18 39 5 27 22 22 35 14 3 2 16 19 10 22 7 20 0 16 22 8 20 20 3 33 34 5 18 0 27 38 24 

1500 1500 1500 1500 1500 1500 1500 1500 1500 1500 1500 1500 1500 1500 1500 1500 1500 1500 1500 1500 1500 1500 1500 1500 1500 1500 1500 1500 1500 1500 1500 1500 1500 1500 1500 1500 1500 1500 1500 1500 1500 1500 1500 1500 1500 1500 1500 1500 1500 1500 1500 1500 1500 1500 1500 1500 1500 1500 1500 1500 1500 1500 1500 1500 1500 1500 1500 1500 1500 1500 1500 1500 1500 1500 1500 1500 1500 1500 1500 1500 1500 1500 1500 1500 1500 1500 1500 1500 1500 1500 1500 1500 1500 1500 1500 1500 1500 1500 1500 1500 1500 1500 1500 1500 1500 1500 1500 1500 1500 1500 1500 1500 1500 1500 1500 1500 1500 1500 1500 1500 1500 1500 1500 1500 1500 1500 1500 1500 1500 1500 1500 1500 1500 1500 1500 1500 1500 1500 1500 1500 1500 1500 1500 1500 1500 1500 1500 1500 1500 1500 0 35 33 6 9 17 3 21 36 16 12 24 37 33 23 22 35 37 20 9 25 18 9 10 7 16 12 36 37 2 13 10 34 31 37 12 23 5 39 0 3 26 29 11 35 36 2 36 20 38 34 18 36 27 16 4 8 24 29 10 16 12 37 12 1 14 18 0 19 16 20 38 20 3 37 26 2 14 29 38 34 7 11 30 37 16 33 11 3 23 25 38 34 5 7 28 9 2 36 12 3 28 13 15 26 20 11 37 14 34 34 25 26 8 34 18 34 23 39 20 10 39 20 15 37 19 21 18 21 3 21 18 15 16 35 25 39 15 0 22 32 21 35 12 9 26 6 36 11 8 

1500 1500 1500 1500 1500 1500 1500 1500 1500 1500 1500 1500 1500 1500 1500 1500 1500 1500 1500 1500 1500 1500 1500 1500 1500 1500 1500 1500 1500 1500 1500 1500 1500 1500 1500 1500 1500 1500 1500 1500 1500 1500 1500 1500 1500 1500 1500 1500 1500 1500 1500 1500 1500 1500 1500 1500 1500 1500 1500 1500 1500 1500 1500 1500 1500 1500 1500 1500 1500 1500 1500 1500 1500 1500 1500 1500 1500 1500 1500 1500 1500 1500 1500 1500 1500 1500 1500 1500 1500 1500 1500 1500 1500 1500 1500 1500 1500 1500 1500 1500 1500 1500 1500 1500 1500 1500 1500 1500 1500 1500 1500 1500 1500 1500 1500 1500 1500 1500 1500 1500 1500 1500 1500 1500 1500 1500 1500 1500 1500 1500 1500 1500 1500 1500 1500 1500 1500 1500 1500 1500 1500 1500 1500 1500 1500 1500 1500 1500 1500 1500 8 5 8 22 33 33 7 1 21 7 22 14 6 39 34 8 25 28 36 3 24 13 15 27 29 9 33 36 7 13 39 39 27 15 3 16 18 18 34 2 13 28 15 29 18 2 8 16 24 22 2 34 7 36 27 17 20 11 35 19 5 36 38 12 35 8 16 8 23 22 35 18 9 26 3 13 2 17 1 26 23 3 23 36 35 19 3 10 21 22 36 12 7 0 10 10 22 25 23 27 20 34 33 23 2 9 4 16 11 2 6 39 31 2 15 3 35 3 22 0 28 12 27 13 33 11 4 16 38 15 12 33 31 36 13 39 14 36 7 20 7 29 19 1 37 25 32 18 14 37 

1500 1500 1500 1500 1500 1500 1500 1500 1500 1500 1500 1500 1500 1500 1500 1500 1500 1500 1500 1500 1500 1500 1500 1500 1500 1500 1500 1500 1500 1500 1500 1500 1500 1500 1500 1500 1500 1500 1500 1500 1500 1500 1500 1500 1500 1500 1500 1500 1500 1500 1500 1500 1500 1500 1500 1500 1500 1500 1500 1500 1500 1500 1500 1500 1500 1500 1500 1500 1500 1500 1500 1500 1500 1500 1500 1500 1500 1500 1500 1500 1500 1500 1500 1500 1500 1500 1500 1500 1500 1500 1500 1500 1500 1500 1500 1500 1500 1500 1500 1500 1500 1500 1500 1500 1500 1500 1500 1500 1500 1500 1500 1500 1500 1500 1500 1500 1500 1500 1500 1500 1500 1500 1500 1500 1500 1500 1500 1500 1500 1500 1500 1500 1500 1500 1500 1500 1500 1500 1500 1500 1500 1500 1500 1500 1500 1500 1500 1500 1500 1500 35 2 31 9 14 15 32 34 26 31 12 17 9 20 26 39 24 6 5 24 6 24 16 31 38 10 11 8 12 13 27 3 19 24 5 36 33 4 0 23 8 16 19 0 21 34 37 5 14 39 33 11 12 21 28 13 3 5 22 2 23 26 6 24 8 28 33 22 26 4 22 38 1 8 32 15 22 15 31 31 27 34 34 23 29 32 27 5 7 8 29 17 15 24 32 18 35 24 7 22 34 35 17 17 15 0 21 3 37 9 38 30 31 2 39 15 2 31 33 8 38 32 29 3 32 19 6 13 20 1 15 15 11 30 8 16 25 23 7 34 35 20 39 27 7 15 38 25 31 25 

1500 1500 1500 1500 1500 1500 1500 1500 1500 1500 1500 1500 1500 1500 1500 1500 1500 1500 1500 1500 1500 1500 1500 1500 1500 1500 1500 1500 1500 1500 1500 1500 1500 1500 1500 1500 1500 1500 1500 1500 1500 1500 1500 1500 1500 1500 1500 1500 1500 1500 1500 1500 1500 1500 1500 1500 1500 1500 1500 1500 1500 1500 1500 1500 1500 1500 1500 1500 1500 1500 1500 1500 1500 1500 1500 1500 1500 1500 1500 1500 1500 1500 1500 1500 1500 1500 1500 1500 1500 1500 1500 1500 1500 1500 1500 1500 1500 1500 1500 1500 1500 1500 1500 1500 1500 1500 1500 1500 1500 1500 1500 1500 1500 1500 1500 1500 1500 1500 1500 1500 1500 1500 1500 1500 1500 1500 1500 1500 1500 1500 1500 1500 1500 1500 1500 1500 1500 1500 1500 1500 1500 1500 1500 1500 1500 1500 1500 1500 1500 1500 27 39 35 16 14 39 35 20 5 39 17 33 20 4 33 31 32 5 11 1 23 27 2 15 30 2 21 18 38 22 12 28 21 12 30 27 20 5 3 1 12 19 0 3 18 7 37 22 26 28 24 22 3 12 16 8 18 30 28 4 7 25 37 5 23 10 19 21 23 39 38 8 18 24 0 31 1 7 29 33 15 5 10 19 18 11 32 16 36 28 27 9 28 0 5 6 24 19 34 7 18 18 15 29 12 12 33 24 10 7 0 4 10 24 37 11 5 31 14 39 1 13 13 29 36 6 5 3 34 18 4 36 36 3 36 13 23 0 31 36 21 38 15 16 6 2 6 15 37 29 

1500 1500 1500 1500 1500 1500 1500 1500 1500 1500 1500 1500 1500 1500 1500 1500 1500 1500 1500 1500 1500 1500 1500 1500 1500 1500 1500 1500 1500 1500 1500 1500 1500 1500 1500 1500 1500 1500 1500 1500 1500 1500 1500 1500 1500 1500 1500 1500 1500 1500 1500 1500 1500 1500 1500 1500 1500 1500 1500 1500 1500 1500 1500 1500 1500 1500 1500 1500 1500 1500 1500 1500 1500 1500 1500 1500 1500 1500 1500 1500 1500 1500 1500 1500 1500 1500 1500 1500 1500 1500 1500 1500 1500 1500 1500 1500 1500 1500 1500 1500 1500 1500 1500 1500 1500 1500 1500 1500 1500 1500 1500 1500 1500 1500 1500 1500 1500 1500 1500 1500 1500 1500 1500 1500 1500 1500 1500 1500 1500 1500 1500 1500 1500 1500 1500 1500 1500 1500 1500 1500 1500 1500 1500 1500 1500 1500 1500 1500 1500 1500 19 14 29 9 13 33 18 1 6 38 36 25 6 15 7 34 24 2 3 30 39 15 35 33 14 16 22 15 37 6 35 28 18 22 12 32 38 7 5 15 18 28 14 32 7 0 20 3 38 23 13 34 28 27 33 5 5 18 30 15 16 11 22 17 1 31 27 27 17 36 11 9 24 11 27 29 30 8 38 4 31 32 13 7 32 15 1 10 33 35 29 20 0 8 7 34 21 2 21 2 1 35 29 16 6 28 14 26 5 17 21 20 18 13 10 6 35 15 3 8 14 37 29 9 25 33 20 35 12 5 10 9 25 32 8 23 5 15 34 27 4 35 23 27 25 15 31 12 39 29 

1500 1500 1500 1500 1500 1500 1500 1500 1500 1500 1500 1500 1500 1500 1500 1500 1500 1500 1500 1500 1500 1500 1500 1500 1500 1500 1500 1500 1500 1500 1500 1500 1500 1500 1500 1500 1500 1500 1500 1500 1500 1500 1500 1500 1500 1500 1500 1500 1500 1500 1500 1500 1500 1500 1500 1500 1500 1500 1500 1500 1500 1500 1500 1500 1500 1500 1500 1500 1500 1500 1500 1500 1500 1500 1500 1500 1500 1500 1500 1500 1500 1500 1500 1500 1500 1500 1500 1500 1500 1500 1500 1500 1500 1500 1500 1500 1500 1500 1500 1500 1500 1500 1500 1500 1500 1500 1500 1500 1500 1500 1500 1500 1500 1500 1500 1500 1500 1500 1500 1500 1500 1500 1500 1500 1500 1500 1500 1500 1500 1500 1500 1500 1500 1500 1500 1500 1500 1500 1500 1500 1500 1500 1500 1500 1500 1500 1500 1500 1500 1500 23 2 9 17 21 36 12 21 25 32 34 11 17 37 20 22 4 10 31 32 0 20 34 3 12 25 3 14 2 11 5 35 18 26 38 37 3 4 7 11 20 13 35 11 30 37 33 25 24 16 4 18 29 31 22 22 5 30 14 33 16 33 10 24 7 17 1 32 14 0 14 9 20 15 18 31 11 1 19 19 29 2 19 19 30 13 10 19 31 19 26 22 6 1 26 19 23 20 9 13 21 12 37 12 29 31 22 31 26 15 10 31 34 23 1 4 23 3 22 31 38 25 2 32 28 34 3 27 18 30 30 31 38 18 3 0 29 37 28 22 3 9 30 27 23 19 6 23 27 1 

1500 1500 1500 1500 1500 1500 1500 1500 1500 1500 1500 1500 1500 1500 1500 1500 1500 1500 1500 1500 1500 1500 1500 1500 1500 1500 1500 1500 1500 1500 1500 1500 1500 1500 1500 1500 1500 1500 1500 1500 1500 1500 1500 1500 1500 1500 1500 1500 1500 1500 1500 1500 1500 1500 1500 1500 1500 1500 1500 1500 1500 1500 1500 1500 1500 1500 1500 1500 1500 1500 1500 1500 1500 1500 1500 1500 1500 1500 1500 1500 1500 1500 1500 1500 1500 1500 1500 1500 1500 1500 1500 1500 1500 1500 1500 1500 1500 1500 1500 1500 1500 1500 1500 1500 1500 1500 1500 1500 1500 1500 1500 1500 1500 1500 1500 1500 1500 1500 1500 1500 1500 1500 1500 1500 1500 1500 1500 1500 1500 1500 1500 1500 1500 1500 1500 1500 1500 1500 1500 1500 1500 1500 1500 1500 1500 1500 1500 1500 1500 1500 37 22 35 22 34 19 12 21 9 17 31 31 37 36 19 29 5 12 16 32 1 31 34 4 22 24 38 9 4 6 22 35 23 7 24 7 20 2 7 38 13 3 28 24 39 37 21 23 30 24 7 0 26 29 24 36 12 28 2 30 35 33 21 30 36 24 21 35 31 9 21 36 29 31 28 33 38 15 0 35 10 22 1 15 17 12 0 18 15 35 22 1 20 8 2 1 34 15 38 33 24 1 14 28 0 37 4 14 17 19 22 32 23 1 21 11 24 15 16 16 13 1 11 14 1 23 20 18 32 24 22 7 31 5 13 12 19 8 30 12 26 7 30 38 32 28 16 20 20 24 

1500 1500 1500 1500 1500 1500 1500 1500 1500 1500 1500 1500 1500 1500 1500 1500 1500 1500 1500 1500 1500 1500 1500 1500 1500 1500 1500 1500 1500 1500 1500 1500 1500 1500 1500 1500 1500 1500 1500 1500 1500 1500 1500 1500 1500 1500 1500 1500 1500 1500 1500 1500 1500 1500 1500 1500 1500 1500 1500 1500 1500 1500 1500 1500 1500 1500 1500 1500 1500 1500 1500 1500 1500 1500 1500 1500 1500 1500 1500 1500 1500 1500 1500 1500 1500 1500 1500 1500 1500 1500 1500 1500 1500 1500 1500 1500 1500 1500 1500 1500 1500 1500 1500 1500 1500 1500 1500 1500 1500 1500 1500 1500 1500 1500 1500 1500 1500 1500 1500 1500 1500 1500 1500 1500 1500 1500 1500 1500 1500 1500 1500 1500 1500 1500 1500 1500 1500 1500 1500 1500 1500 1500 1500 1500 1500 1500 1500 1500 1500 1500 13 29 34 33 13 5 17 17 36 39 2 23 24 39 9 9 31 35 39 22 16 4 6 25 14 35 31 16 11 39 14 26 23 35 26 11 31 18 1 8 11 27 5 18 34 13 3 32 3 29 32 18 34 11 25 39 28 6 19 7 22 32 36 26 9 35 23 20 14 9 39 37 3 18 12 27 26 2 3 37 18 28 22 8 1 27 1 7 19 1 33 9 24 17 23 1 33 9 9 21 28 30 35 35 13 34 31 33 28 11 35 12 11 0 33 37 23 8 17 38 36 32 13 35 10 14 31 2 15 23 20 23 2 12 13 19 16 22 19 27 10 11 18 9 29 14 17 17 8 9 

1500 1500 1500 1500 1500 1500 1500 1500 1500 1500 1500 1500 1500 1500 1500 1500 1500 1500 1500 1500 1500 1500 1500 1500 1500 1500 1500 1500 1500 1500 1500 1500 1500 1500 1500 1500 1500 1500 1500 1500 1500 1500 1500 1500 1500 1500 1500 1500 1500 1500 1500 1500 1500 1500 1500 1500 1500 1500 1500 1500 1500 1500 1500 1500 1500 1500 1500 1500 1500 1500 1500 1500 1500 1500 1500 1500 1500 1500 1500 1500 1500 1500 1500 1500 1500 1500 1500 1500 1500 1500 1500 1500 1500 1500 1500 1500 1500 1500 1500 1500 1500 1500 1500 1500 1500 1500 1500 1500 1500 1500 1500 1500 1500 1500 1500 1500 1500 1500 1500 1500 1500 1500 1500 1500 1500 1500 1500 1500 1500 1500 1500 1500 1500 1500 1500 1500 1500 1500 1500 1500 1500 1500 1500 1500 1500 1500 1500 1500 1500 1500 29 39 20 11 11 10 4 19 36 10 30 5 33 37 21 1 8 35 12 33 0 4 27 7 25 35 32 39 10 32 6 39 26 24 11 12 18 21 32 20 36 37 22 0 15 17 16 14 34 17 15 25 13 11 26 22 36 32 5 7 32 16 14 39 12 29 3 13 13 5 4 27 19 2 22 3 12 3 3 9 25 31 24 31 29 2 25 30 22 4 30 22 13 30 17 35 32 32 19 14 13 14 14 33 1 34 6 2 10 19 37 2 7 0 36 24 9 3 27 4 20 17 2 19 39 24 23 33 16 19 17 16 28 3 17 12 35 13 25 39 0 19 29 39 18 6 18 31 14 8 

1500 1500 1500 1500 1500 1500 1500 1500 1500 1500 1500 1500 1500 1500 1500 1500 1500 1500 1500 1500 1500 1500 1500 1500 1500 1500 1500 1500 1500 1500 1500 1500 1500 1500 1500 1500 1500 1500 1500 1500 1500 1500 1500 1500 1500 1500 1500 1500 1500 1500 1500 1500 1500 1500 1500 1500 1500 1500 1500 1500 1500 1500 1500 1500 1500 1500 1500 1500 1500 1500 1500 1500 1500 1500 1500 1500 1500 1500 1500 1500 1500 1500 1500 1500 1500 1500 1500 1500 1500 1500 1500 1500 1500 1500 1500 1500 1500 1500 1500 1500 1500 1500 1500 1500 1500 1500 1500 1500 1500 1500 1500 1500 1500 1500 1500 1500 1500 1500 1500 1500 1500 1500 1500 1500 1500 1500 1500 1500 1500 1500 1500 1500 1500 1500 1500 1500 1500 1500 1500 1500 1500 1500 1500 1500 1500 1500 1500 1500 1500 1500 35 28 29 19 31 0 6 31 38 33 17 9 38 35 15 28 24 3 6 6 14 4 27 12 32 38 31 0 0 37 27 28 7 8 0 18 37 18 6 4 17 23 17 15 3 13 37 35 32 2 15 36 0 7 25 10 6 2 29 10 37 20 36 19 24 35 25 26 13 1 32 30 5 2 36 31 11 3 14 10 24 10 38 39 18 10 26 9 35 7 5 21 8 24 10 14 14 17 27 26 35 32 25 18 39 35 21 11 9 1 15 2 23 2 14 29 3 6 4 39 14 21 39 7 22 2 29 13 17 1 13 37 38 37 10 24 9 33 32 15 0 30 28 8 36 36 39 1 15 5 

1500 1500 1500 1500 1500 1500 1500 1500 1500 1500 1500 1500 1500 1500 1500 1500 1500 1500 1500 1500 1500 1500 1500 1500 1500 1500 1500 1500 1500 1500 1500 1500 1500 1500 1500 1500 1500 1500 1500 1500 1500 1500 1500 1500 1500 1500 1500 1500 1500 1500 1500 1500 1500 1500 1500 1500 1500 1500 1500 1500 1500 1500 1500 1500 1500 1500 1500 1500 1500 1500 1500 1500 1500 1500 1500 1500 1500 1500 1500 1500 1500 1500 1500 1500 1500 1500 1500 1500 1500 1500 1500 1500 1500 1500 1500 1500 1500 1500 1500 1500 1500 1500 1500 1500 1500 1500 1500 1500 1500 1500 1500 1500 1500 1500 1500 1500 1500 1500 1500 1500 1500 1500 1500 1500 1500 1500 1500 1500 1500 1500 1500 1500 1500 1500 1500 1500 1500 1500 1500 1500 1500 1500 1500 1500 1500 1500 1500 1500 1500 1500 22 35 31 38 10 4 10 18 13 27 22 19 24 20 6 15 22 16 38 31 9 17 16 11 13 14 19 21 26 30 11 23 28 9 15 22 5 35 0 13 26 15 19 35 3 18 39 28 36 15 33 33 29 37 32 6 32 33 15 34 30 22 12 6 27 1 3 21 28 24 8 20 13 21 7 8 21 13 1 33 21 26 16 6 3 29 34 35 9 0 16 1 36 1 0 23 31 18 4 7 31 2 12 15 35 14 25 15 9 16 6 7 14 15 21 20 21 32 1 37 26 1 12 21 32 23 2 31 13 3 39 30 4 18 15 20 21 35 16 31 28 20 17 39 25 25 15 35 24 27 

1500 1500 1500 1500 1500 1500 1500 1500 1500 1500 1500 1500 1500 1500 1500 1500 1500 1500 1500 1500 1500 1500 1500 1500 1500 1500 1500 1500 1500 1500 1500 1500 1500 1500 1500 1500 1500 1500 1500 1500 1500 1500 1500 1500 1500 1500 1500 1500 1500 1500 1500 1500 1500 1500 1500 1500 1500 1500 1500 1500 1500 1500 1500 1500 1500 1500 1500 1500 1500 1500 1500 1500 1500 1500 1500 1500 1500 1500 1500 1500 1500 1500 1500 1500 1500 1500 1500 1500 1500 1500 1500 1500 1500 1500 1500 1500 1500 1500 1500 1500 1500 1500 1500 1500 1500 1500 1500 1500 1500 1500 1500 1500 1500 1500 1500 1500 1500 1500 1500 1500 1500 1500 1500 1500 1500 1500 1500 1500 1500 1500 1500 1500 1500 1500 1500 1500 1500 1500 1500 1500 1500 1500 1500 1500 1500 1500 1500 1500 1500 1500 2 16 36 14 16 2 11 34 15 25 2 35 12 27 9 10 6 33 15 3 13 15 29 4 39 32 12 25 2 23 14 29 39 34 32 29 7 38 38 12 12 27 27 8 13 18 15 22 35 22 22 27 2 22 5 19 17 18 5 14 38 3 20 39 11 27 24 23 25 31 12 37 17 7 39 20 15 6 17 36 13 24 12 37 38 6 1 8 33 19 37 39 38 22 26 0 35 37 19 12 14 22 15 31 15 22 14 0 5 12 22 15 19 29 36 24 21 14 14 14 19 35 14 4 18 10 16 16 12 4 16 16 1 7 17 17 30 13 29 11 39 7 26 32 20 4 34 38 28 12 

1500 1500 1500 1500 1500 1500 1500 1500 1500 1500 1500 1500 1500 1500 1500 1500 1500 1500 1500 1500 1500 1500 1500 1500 1500 1500 1500 1500 1500 1500 1500 1500 1500 1500 1500 1500 1500 1500 1500 1500 1500 1500 1500 1500 1500 1500 1500 1500 1500 1500 1500 1500 1500 1500 1500 1500 1500 1500 1500 1500 1500 1500 1500 1500 1500 1500 1500 1500 1500 1500 1500 1500 1500 1500 1500 1500 1500 1500 1500 1500 1500 1500 1500 1500 1500 1500 1500 1500 1500 1500 1500 1500 1500 1500 1500 1500 1500 1500 1500 1500 1500 1500 1500 1500 1500 1500 1500 1500 1500 1500 1500 1500 1500 1500 1500 1500 1500 1500 1500 1500 1500 1500 1500 1500 1500 1500 1500 1500 1500 1500 1500 1500 1500 1500 1500 1500 1500 1500 1500 1500 1500 1500 1500 1500 1500 1500 1500 1500 1500 1500 37 38 2 5 25 26 12 31 33 34 29 25 9 27 36 27 18 34 5 32 31 6 34 10 39 6 20 0 7 28 26 15 16 28 38 4 2 7 16 14 18 16 13 9 27 36 24 1 15 22 24 33 9 28 0 36 31 12 22 20 35 14 6 8 20 33 17 31 3 39 2 29 28 27 25 24 34 5 20 15 33 9 25 18 3 24 16 20 26 11 12 38 25 7 32 15 22 20 32 31 23 25 29 4 27 33 19 5 1 34 30 0 39 22 3 10 2 10 18 10 37 21 30 9 5 36 2 7 5 34 9 2 5 38 11 33 12 31 22 18 26 36 30 37 33 7 12 16 27 32 

1500 1500 1500 1500 1500 1500 1500 1500 1500 1500 1500 1500 1500 1500 1500 1500 1500 1500 1500 1500 1500 1500 1500 1500 1500 1500 1500 1500 1500 1500 1500 1500 1500 1500 1500 1500 1500 1500 1500 1500 1500 1500 1500 1500 1500 1500 1500 1500 1500 1500 1500 1500 1500 1500 1500 1500 1500 1500 1500 1500 1500 1500 1500 1500 1500 1500 1500 1500 1500 1500 1500 1500 1500 1500 1500 1500 1500 1500 1500 1500 1500 1500 1500 1500 1500 1500 1500 1500 1500 1500 1500 1500 1500 1500 1500 1500 1500 1500 1500 1500 1500 1500 1500 1500 1500 1500 1500 1500 1500 1500 1500 1500 1500 1500 1500 1500 1500 1500 1500 1500 1500 1500 1500 1500 1500 1500 1500 1500 1500 1500 1500 1500 1500 1500 1500 1500 1500 1500 1500 1500 1500 1500 1500 1500 1500 1500 1500 1500 1500 1500 35 19 14 1 21 32 36 8 19 16 20 38 11 4 21 16 38 32 33 39 35 33 15 3 1 36 9 2 29 8 8 5 32 20 17 12 12 1 25 13 3 3 21 14 16 12 15 3 16 20 31 35 39 33 19 22 6 34 4 34 9 2 38 29 20 15 27 36 7 2 31 29 0 24 18 0 25 38 24 1 16 15 23 24 38 38 37 29 13 15 23 22 25 33 24 9 35 1 6 35 37 14 16 8 14 1 15 34 24 38 18 15 33 6 26 15 21 6 25 20 27 31 6 4 7 16 13 36 20 38 31 11 13 32 15 18 36 30 36 20 10 36 11 11 19 20 16 33 22 39 

1500 1500 1500 1500 1500 1500 1500 1500 1500 1500 1500 1500 1500 1500 1500 1500 1500 1500 1500 1500 1500 1500 1500 1500 1500 1500 1500 1500 1500 1500 1500 1500 1500 1500 1500 1500 1500 1500 1500 1500 1500 1500 1500 1500 1500 1500 1500 1500 1500 1500 1500 1500 1500 1500 1500 1500 1500 1500 1500 1500 1500 1500 1500 1500 1500 1500 1500 1500 1500 1500 1500 1500 1500 1500 1500 1500 1500 1500 1500 1500 1500 1500 1500 1500 1500 1500 1500 1500 1500 1500 1500 1500 1500 1500 1500 1500 1500 1500 1500 1500 1500 1500 1500 1500 1500 1500 1500 1500 1500 1500 1500 1500 1500 1500 1500 1500 1500 1500 1500 1500 1500 1500 1500 1500 1500 1500 1500 1500 1500 1500 1500 1500 1500 1500 1500 1500 1500 1500 1500 1500 1500 1500 1500 1500 1500 1500 1500 1500 1500 1500 27 37 13 7 15 14 6 26 38 33 24 16 1 38 26 29 18 2 19 23 17 23 11 31 39 29 9 18 18 3 35 30 18 21 22 12 17 5 23 31 36 2 10 37 29 25 3 12 14 34 14 29 1 19 15 33 9 31 35 39 7 23 23 15 35 13 30 28 33 2 29 0 31 30 12 24 38 5 24 33 39 0 1 12 17 29 21 37 23 36 31 14 11 9 7 15 19 7 7 20 10 6 26 29 34 17 39 7 23 36 23 22 20 15 14 28 14 19 32 21 1 11 36 8 30 3 18 6 31 29 18 27 18 33 6 15 11 14 23 14 29 11 36 24 23 22 11 9 23 37 

1500 1500 1500 1500 1500 1500 1500 1500 1500 1500 1500 1500 1500 1500 1500 1500 1500 1500 1500 1500 1500 1500 1500 1500 1500 1500 1500 1500 1500 1500 1500 1500 1500 1500 1500 1500 1500 1500 1500 1500 1500 1500 1500 1500 1500 1500 1500 1500 1500 1500 1500 1500 1500 1500 1500 1500 1500 1500 1500 1500 1500 1500 1500 1500 1500 1500 1500 1500 1500 1500 1500 1500 1500 1500 1500 1500 1500 1500 1500 1500 1500 1500 1500 1500 1500 1500 1500 1500 1500 1500 1500 1500 1500 1500 1500 1500 1500 1500 1500 1500 1500 1500 1500 1500 1500 1500 1500 1500 1500 1500 1500 1500 1500 1500 1500 1500 1500 1500 1500 1500 1500 1500 1500 1500 1500 1500 1500 1500 1500 1500 1500 1500 1500 1500 1500 1500 1500 1500 1500 1500 1500 1500 1500 1500 1500 1500 1500 1500 1500 1500 12 0 28 7 31 23 31 37 24 28 33 14 14 21 9 20 25 13 16 30 7 3 38 8 7 12 19 31 36 15 21 6 31 19 10 24 35 20 37 6 28 11 5 32 11 24 24 11 29 1 24 6 31 3 30 8 11 24 12 15 26 15 29 0 28 33 36 28 20 25 7 37 21 10 9 31 10 20 27 31 3 14 24 23 20 36 28 36 24 8 36 22 36 14 4 15 19 0 19 17 23 3 27 11 30 32 24 25 2 15 5 25 9 8 35 37 16 0 13 39 13 16 31 37 0 32 18 21 37 13 23 28 23 4 22 29 3 16 23 9 33 20 9 17 15 18 31 2 32 28 

1500 1500 1500 1500 1500 1500 1500 1500 1500 1500 1500 1500 1500 1500 1500 1500 1500 1500 1500 1500 1500 1500 1500 1500 1500 1500 1500 1500 1500 1500 1500 1500 1500 1500 1500 1500 1500 1500 1500 1500 1500 1500 1500 1500 1500 1500 1500 1500 1500 1500 1500 1500 1500 1500 1500 1500 1500 1500 1500 1500 1500 1500 1500 1500 1500 1500 1500 1500 1500 1500 1500 1500 1500 1500 1500 1500 1500 1500 1500 1500 1500 1500 1500 1500 1500 1500 1500 1500 1500 1500 1500 1500 1500 1500 1500 1500 1500 1500 1500 1500 1500 1500 1500 1500 1500 1500 1500 1500 1500 1500 1500 1500 1500 1500 1500 1500 1500 1500 1500 1500 1500 1500 1500 1500 1500 1500 1500 1500 1500 1500 1500 1500 1500 1500 1500 1500 1500 1500 1500 1500 1500 1500 1500 1500 1500 1500 1500 1500 1500 1500 32 21 29 21 19 35 5 31 9 33 39 28 35 25 24 7 10 26 26 30 4 28 17 23 32 14 17 26 11 15 21 1 2 4 34 20 4 1 25 18 36 17 25 27 27 26 21 21 4 8 37 35 12 3 7 38 11 4 32 21 1 39 20 28 24 14 33 11 27 12 2 11 25 21 30 1 10 17 31 2 38 29 35 13 16 9 12 33 36 21 38 15 28 24 27 32 19 1 15 8 3 6 1 29 15 21 36 35 34 10 21 37 18 19 1 1 14 18 23 14 6 13 22 14 23 39 31 21 25 26 39 32 24 33 36 11 39 11 21 25 1 23 23 6 37 17 14 38 31 34 

1500 1500 1500 1500 1500 1500 1500 1500 1500 1500 1500 1500 1500 1500 1500 1500 1500 1500 1500 1500 1500 1500 1500 1500 1500 1500 1500 1500 1500 1500 1500 1500 1500 1500 1500 1500 1500 1500 1500 1500 1500 1500 1500 1500 1500 1500 1500 1500 1500 1500 1500 1500 1500 1500 1500 1500 1500 1500 1500 1500 1500 1500 1500 1500 1500 1500 1500 1500 1500 1500 1500 1500 1500 1500 1500 1500 1500 1500 1500 1500 1500 1500 1500 1500 1500 1500 1500 1500 1500 1500 1500 1500 1500 1500 1500 1500 1500 1500 1500 1500 1500 1500 1500 1500 1500 1500 1500 1500 1500 1500 1500 1500 1500 1500 1500 1500 1500 1500 1500 1500 1500 1500 1500 1500 1500 1500 1500 1500 1500 1500 1500 1500 1500 1500 1500 1500 1500 1500 1500 1500 1500 1500 1500 1500 1500 1500 1500 1500 1500 1500 30 10 8 6 35 14 3 38 1 12 34 12 30 9 17 32 22 27 31 11 6 33 22 33 15 7 18 34 20 35 39 3 1 34 27 39 6 26 27 6 32 29 18 12 0 10 4 6 34 7 17 1 29 29 16 8 39 34 15 7 28 6 0 32 36 19 1 17 35 10 31 34 0 37 28 36 10 33 20 12 28 2 28 33 23 5 28 25 30 14 19 21 20 28 13 33 12 33 6 37 13 37 38 29 12 3 38 25 17 21 32 15 12 28 19 24 22 4 9 3 34 14 2 1 39 23 21 27 22 10 5 35 22 24 11 19 11 19 3 28 2 26 15 3 31 27 13 17 5 34 

1500 1500 1500 1500 1500 1500 1500 1500 1500 1500 1500 1500 1500 1500 1500 1500 1500 1500 1500 1500 1500 1500 1500 1500 1500 1500 1500 1500 1500 1500 1500 1500 1500 1500 1500 1500 1500 1500 1500 1500 1500 1500 1500 1500 1500 1500 1500 1500 1500 1500 1500 1500 1500 1500 1500 1500 1500 1500 1500 1500 1500 1500 1500 1500 1500 1500 1500 1500 1500 1500 1500 1500 1500 1500 1500 1500 1500 1500 1500 1500 1500 1500 1500 1500 1500 1500 1500 1500 1500 1500 1500 1500 1500 1500 1500 1500 1500 1500 1500 1500 1500 1500 1500 1500 1500 1500 1500 1500 1500 1500 1500 1500 1500 1500 1500 1500 1500 1500 1500 1500 1500 1500 1500 1500 1500 1500 1500 1500 1500 1500 1500 1500 1500 1500 1500 1500 1500 1500 1500 1500 1500 1500 1500 1500 1500 1500 1500 1500 1500 1500 18 13 23 7 11 8 38 2 37 38 29 1 34 33 30 20 35 8 8 13 36 34 31 20 18 35 5 2 16 14 0 31 11 6 34 11 19 30 5 5 35 21 36 12 9 27 38 28 29 3 31 12 15 26 7 16 13 20 15 13 4 13 13 34 5 26 20 6 8 8 16 33 7 8 37 14 15 8 8 9 6 0 15 23 35 38 16 30 22 7 35 1 32 30 0 17 5 3 11 24 27 26 23 21 29 23 34 2 10 21 6 31 35 20 13 3 6 2 20 27 21 16 36 13 2 9 27 16 32 16 30 37 6 16 25 26 1 6 20 7 6 28 0 17 11 31 9 37 31 8 

1500 1500 1500 1500 1500 1500 1500 1500 1500 1500 1500 1500 1500 1500 1500 1500 1500 1500 1500 1500 1500 1500 1500 1500 1500 1500 1500 1500 1500 1500 1500 1500 1500 1500 1500 1500 1500 1500 1500 1500 1500 1500 1500 1500 1500 1500 1500 1500 1500 1500 1500 1500 1500 1500 1500 1500 1500 1500 1500 1500 1500 1500 1500 1500 1500 1500 1500 1500 1500 1500 1500 1500 1500 1500 1500 1500 1500 1500 1500 1500 1500 1500 1500 1500 1500 1500 1500 1500 1500 1500 1500 1500 1500 1500 1500 1500 1500 1500 1500 1500 1500 1500 1500 1500 1500 1500 1500 1500 1500 1500 1500 1500 1500 1500 1500 1500 1500 1500 1500 1500 1500 1500 1500 1500 1500 1500 1500 1500 1500 1500 1500 1500 1500 1500 1500 1500 1500 1500 1500 1500 1500 1500 1500 1500 1500 1500 1500 1500 1500 1500 39 2 18 36 38 20 25 15 34 3 37 12 17 6 13 36 20 2 2 11 31 29 31 13 11 2 14 25 36 15 39 4 4 21 29 4 25 7 15 0 35 4 30 22 12 34 24 30 6 24 18 39 29 2 8 21 24 15 10 25 27 27 11 1 21 35 17 14 1 16 12 16 17 35 33 1 21 38 25 39 0 13 37 3 2 3 23 22 7 36 9 19 15 9 7 3 4 24 2 29 26 32 17 29 20 24 39 8 15 3 33 22 19 39 16 3 32 3 16 8 22 35 37 6 28 7 26 8 16 17 10 2 1 13 19 11 24 33 31 32 22 34 10 22 26 38 39 7 17 19 

1500 1500 1500 1500 1500 1500 1500 1500 1500 1500 1500 1500 1500 1500 1500 1500 1500 1500 1500 1500 1500 1500 1500 1500 1500 1500 1500 1500 1500 1500 1500 1500 1500 1500 1500 1500 1500 1500 1500 1500 1500 1500 1500 1500 1500 1500 1500 1500 1500 1500 1500 1500 1500 1500 1500 1500 1500 1500 1500 1500 1500 1500 1500 1500 1500 1500 1500 1500 1500 1500 1500 1500 1500 1500 1500 1500 1500 1500 1500 1500 1500 1500 1500 1500 1500 1500 1500 1500 1500 1500 1500 1500 1500 1500 1500 1500 1500 1500 1500 1500 1500 1500 1500 1500 1500 1500 1500 1500 1500 1500 1500 1500 1500 1500 1500 1500 1500 1500 1500 1500 1500 1500 1500 1500 1500 1500 1500 1500 1500 1500 1500 1500 1500 1500 1500 1500 1500 1500 1500 1500 1500 1500 1500 1500 1500 1500 1500 1500 1500 1500 36 3 7 25 11 12 1 5 32 26 1 3 10 22 7 0 0 13 5 20 32 17 0 14 14 16 28 1 1 13 7 36 0 12 24 29 13 29 29 14 38 34 10 17 37 32 7 39 30 22 18 13 21 7 33 32 9 24 8 34 6 30 16 8 18 21 30 28 7 31 23 22 31 8 30 30 29 22 5 27 11 11 19 30 11 28 22 31 7 10 20 24 6 36 14 14 27 21 19 10 18 22 21 13 16 27 9 12 12 20 36 12 34 17 1 33 21 32 33 34 37 18 33 12 38 22 33 0 16 33 22 7 16 1 27 19 21 22 35 12 36 6 8 19 34 22 39 36 22 29 

1500 1500 1500 1500 1500 1500 1500 1500 1500 1500 1500 1500 1500 1500 1500 1500 1500 1500 1500 1500 1500 1500 1500 1500 1500 1500 1500 1500 1500 1500 1500 1500 1500 1500 1500 1500 1500 1500 1500 1500 1500 1500 1500 1500 1500 1500 1500 1500 1500 1500 1500 1500 1500 1500 1500 1500 1500 1500 1500 1500 1500 1500 1500 1500 1500 1500 1500 1500 1500 1500 1500 1500 1500 1500 1500 1500 1500 1500 1500 1500 1500 1500 1500 1500 1500 1500 1500 1500 1500 1500 1500 1500 1500 1500 1500 1500 1500 1500 1500 1500 1500 1500 1500 1500 1500 1500 1500 1500 1500 1500 1500 1500 1500 1500 1500 1500 1500 1500 1500 1500 1500 1500 1500 1500 1500 1500 1500 1500 1500 1500 1500 1500 1500 1500 1500 1500 1500 1500 1500 1500 1500 1500 1500 1500 1500 1500 1500 1500 1500 1500 26 22 31 3 1 13 26 3 22 5 15 12 29 29 3 15 13 14 18 39 23 37 12 39 35 10 18 36 16 4 4 16 29 16 18 0 5 29 35 5 35 8 19 2 16 9 16 33 19 38 25 1 30 26 30 8 33 13 29 39 20 37 20 8 21 3 20 21 8 2 5 30 17 31 18 16 7 25 12 16 19 27 39 6 37 9 12 20 28 14 36 28 3 9 33 2 33 11 3 38 24 16 35 28 8 30 2 22 0 23 24 32 22 32 2 28 4 7 1 29 32 20 14 1 2 17 28 27 15 5 1 26 3 5 32 26 31 21 1 9 20 12 34 12 37 8 29 14 23 25 

1500 1500 1500 1500 1500 1500 1500 1500 1500 1500 1500 1500 1500 1500 1500 1500 1500 1500 1500 1500 1500 1500 1500 1500 1500 1500 1500 1500 1500 1500 1500 1500 1500 1500 1500 1500 1500 1500 1500 1500 1500 1500 1500 1500 1500 1500 1500 1500 1500 1500 1500 1500 1500 1500 1500 1500 1500 1500 1500 1500 1500 1500 1500 1500 1500 1500 1500 1500 1500 1500 1500 1500 1500 1500 1500 1500 1500 1500 1500 1500 1500 1500 1500 1500 1500 1500 1500 1500 1500 1500 1500 1500 1500 1500 1500 1500 1500 1500 1500 1500 1500 1500 1500 1500 1500 1500 1500 1500 1500 1500 1500 1500 1500 1500 1500 1500 1500 1500 1500 1500 1500 1500 1500 1500 1500 1500 1500 1500 1500 1500 1500 1500 1500 1500 1500 1500 1500 1500 1500 1500 1500 1500 1500 1500 1500 1500 1500 1500 1500 1500 15 1 24 1 39 7 27 19 34 20 30 17 18 6 10 30 10 17 14 5 15 25 25 4 32 4 10 5 18 10 8 37 8 5 31 22 23 2 0 6 22 5 39 10 15 7 31 30 30 7 0 26 21 27 29 5 15 8 20 30 32 9 20 8 38 21 2 0 0 5 12 25 26 36 5 7 33 29 1 29 16 9 38 30 22 39 37 18 15 11 9 9 5 9 4 15 1 21 27 5 7 29 28 33 32 10 19 37 37 3 13 2 6 28 29 30 32 24 22 4 5 3 13 17 22 4 28 8 30 13 29 10 19 18 24 31 33 31 6 23 35 4 6 17 3 25 39 4 5 5 

1500 1500 1500 1500 1500 1500 1500 1500 1500 1500 1500 1500 1500 1500 1500 1500 1500 1500 1500 1500 1500 1500 1500 1500 1500 1500 1500 1500 1500 1500 1500 1500 1500 1500 1500 1500 1500 1500 1500 1500 1500 1500 1500 1500 1500 1500 1500 1500 1500 1500 1500 1500 1500 1500 1500 1500 1500 1500 1500 1500 1500 1500 1500 1500 1500 1500 1500 1500 1500 1500 1500 1500 1500 1500 1500 1500 1500 1500 1500 1500 1500 1500 1500 1500 1500 1500 1500 1500 1500 1500 1500 1500 1500 1500 1500 1500 1500 1500 1500 1500 1500 1500 1500 1500 1500 1500 1500 1500 1500 1500 1500 1500 1500 1500 1500 1500 1500 1500 1500 1500 1500 1500 1500 1500 1500 1500 1500 1500 1500 1500 1500 1500 1500 1500 1500 1500 1500 1500 1500 1500 1500 1500 1500 1500 1500 1500 1500 1500 1500 1500 7 33 6 37 25 11 28 32 6 39 13 39 37 14 16 5 19 21 12 3 34 9 13 5 33 21 5 12 9 8 19 28 20 11 33 6 18 5 35 22 26 25 23 10 25 29 9 25 24 6 38 29 4 32 31 32 21 25 25 22 29 16 37 32 21 5 26 30 27 12 29 21 18 1 31 11 14 24 11 29 16 31 5 10 16 20 24 13 7 29 0 35 35 18 7 2 33 9 30 4 15 18 38 26 7 38 31 4 37 10 2 25 0 3 0 16 12 36 8 37 24 15 10 13 14 26 8 19 37 34 36 16 23 29 17 31 22 24 8 25 30 15 6 24 35 1 24 32 21 28 

1500 1500 1500 1500 1500 1500 1500 1500 1500 1500 1500 1500 1500 1500 1500 1500 1500 1500 1500 1500 1500 1500 1500 1500 1500 1500 1500 1500 1500 1500 1500 1500 1500 1500 1500 1500 1500 1500 1500 1500 1500 1500 1500 1500 1500 1500 1500 1500 1500 1500 1500 1500 1500 1500 1500 1500 1500 1500 1500 1500 1500 1500 1500 1500 1500 1500 1500 1500 1500 1500 1500 1500 1500 1500 1500 1500 1500 1500 1500 1500 1500 1500 1500 1500 1500 1500 1500 1500 1500 1500 1500 1500 1500 1500 1500 1500 1500 1500 1500 1500 1500 1500 1500 1500 1500 1500 1500 1500 1500 1500 1500 1500 1500 1500 1500 1500 1500 1500 1500 1500 1500 1500 1500 1500 1500 1500 1500 1500 1500 1500 1500 1500 1500 1500 1500 1500 1500 1500 1500 1500 1500 1500 1500 1500 1500 1500 1500 1500 1500 1500 8 21 34 8 1 29 2 22 19 33 32 24 0 9 34 24 28 25 26 19 30 33 34 11 9 1 19 24 1 38 20 8 35 37 18 30 29 19 6 20 12 3 13 25 24 29 16 30 33 6 8 30 12 28 18 35 37 8 37 37 5 0 20 17 31 14 23 25 13 34 12 31 18 0 4 27 4 1 32 26 14 31 35 37 31 39 8 3 22 21 31 15 14 34 11 17 16 19 19 6 18 10 27 15 27 13 33 26 34 27 28 17 3 34 34 33 12 27 33 13 13 14 7 23 22 8 10 16 0 15 8 5 28 22 17 17 28 16 25 37 6 3 37 37 10 31 23 24 35 37 

1500 1500 1500 1500 1500 1500 1500 1500 1500 1500 1500 1500 1500 1500 1500 1500 1500 1500 1500 1500 1500 1500 1500 1500 1500 1500 1500 1500 1500 1500 1500 1500 1500 1500 1500 1500 1500 1500 1500 1500 1500 1500 1500 1500 1500 1500 1500 1500 1500 1500 1500 1500 1500 1500 1500 1500 1500 1500 1500 1500 1500 1500 1500 1500 1500 1500 1500 1500 1500 1500 1500 1500 1500 1500 1500 1500 1500 1500 1500 1500 1500 1500 1500 1500 1500 1500 1500 1500 1500 1500 1500 1500 1500 1500 1500 1500 1500 1500 1500 1500 1500 1500 1500 1500 1500 1500 1500 1500 1500 1500 1500 1500 1500 1500 1500 1500 1500 1500 1500 1500 1500 1500 1500 1500 1500 1500 1500 1500 1500 1500 1500 1500 1500 1500 1500 1500 1500 1500 1500 1500 1500 1500 1500 1500 1500 1500 1500 1500 1500 1500 23 24 39 18 25 23 0 31 16 21 38 23 34 32 14 30 0 31 0 18 33 27 30 32 10 10 28 37 15 0 33 17 2 19 2 13 13 6 18 27 39 16 33 4 30 29 2 34 19 15 22 19 1 5 23 12 13 21 14 24 16 31 2 18 38 5 26 22 33 37 24 36 25 30 24 28 15 18 25 5 8 11 7 26 25 21 29 28 30 6 14 29 4 12 34 17 13 13 36 11 9 33 17 35 19 17 1 14 15 8 9 39 35 34 34 28 9 7 25 13 10 7 8 8 2 29 12 26 15 29 16 7 23 15 15 23 15 23 2 29 21 20 5 38 39 18 8 0 29 24 

1500 1500 1500 1500 1500 1500 1500 1500 1500 1500 1500 1500 1500 1500 1500 1500 1500 1500 1500 1500 1500 1500 1500 1500 1500 1500 1500 1500 1500 1500 1500 1500 1500 1500 1500 1500 1500 1500 1500 1500 1500 1500 1500 1500 1500 1500 1500 1500 1500 1500 1500 1500 1500 1500 1500 1500 1500 1500 1500 1500 1500 1500 1500 1500 1500 1500 1500 1500 1500 1500 1500 1500 1500 1500 1500 1500 1500 1500 1500 1500 1500 1500 1500 1500 1500 1500 1500 1500 1500 1500 1500 1500 1500 1500 1500 1500 1500 1500 1500 1500 1500 1500 1500 1500 1500 1500 1500 1500 1500 1500 1500 1500 1500 1500 1500 1500 1500 1500 1500 1500 1500 1500 1500 1500 1500 1500 1500 1500 1500 1500 1500 1500 1500 1500 1500 1500 1500 1500 1500 1500 1500 1500 1500 1500 1500 1500 1500 1500 1500 1500 18 19 19 10 39 29 27 19 27 2 22 27 25 6 3 27 6 30 5 24 34 23 2 33 31 2 14 17 30 36 11 20 15 34 28 8 31 32 11 9 14 7 23 39 34 16 24 18 0 22 5 9 0 33 27 35 39 24 22 18 30 6 38 16 34 20 18 17 8 21 5 29 25 24 30 35 25 35 15 19 35 27 2 5 36 38 3 6 14 29 24 26 23 8 12 27 15 7 5 2 13 2 7 0 18 2 38 4 16 17 16 8 23 24 6 7 22 35 6 26 34 35 4 32 26 18 38 11 5 18 24 13 31 24 24 28 16 17 14 16 21 2 36 5 29 8 2 33 14 30 

1500 1500 1500 1500 1500 1500 1500 1500 1500 1500 1500 1500 1500 1500 1500 1500 1500 1500 1500 1500 1500 1500 1500 1500 1500 1500 1500 1500 1500 1500 1500 1500 1500 1500 1500 1500 1500 1500 1500 1500 1500 1500 1500 1500 1500 1500 1500 1500 1500 1500 1500 1500 1500 1500 1500 1500 1500 1500 1500 1500 1500 1500 1500 1500 1500 1500 1500 1500 1500 1500 1500 1500 1500 1500 1500 1500 1500 1500 1500 1500 1500 1500 1500 1500 1500 1500 1500 1500 1500 1500 1500 1500 1500 1500 1500 1500 1500 1500 1500 1500 1500 1500 1500 1500 1500 1500 1500 1500 1500 1500 1500 1500 1500 1500 1500 1500 1500 1500 1500 1500 1500 1500 1500 1500 1500 1500 1500 1500 1500 1500 1500 1500 1500 1500 1500 1500 1500 1500 1500 1500 1500 1500 1500 1500 1500 1500 1500 1500 1500 1500 25 38 9 7 12 27 33 5 6 17 3 15 15 29 20 25 21 17 16 31 1 20 11 37 20 33 18 2 34 10 11 31 3 6 35 0 9 16 39 36 5 3 12 13 22 3 22 27 38 25 11 31 13 35 7 12 18 39 33 5 22 16 11 37 14 7 34 26 34 14 6 35 13 34 24 34 0 2 32 34 24 39 16 25 25 16 4 6 22 26 19 6 32 20 9 24 4 20 36 10 29 37 2 35 3 2 22 10 5 31 17 38 5 36 9 13 5 18 22 14 39 12 15 36 9 38 27 21 15 19 27 31 4 26 32 26 22 5 9 28 8 31 4 31 11 27 36 36 13 35 

1500 1500 1500 1500 1500 1500 1500 1500 1500 1500 1500 1500 1500 1500 1500 1500 1500 1500 1500 1500 1500 1500 1500 1500 1500 1500 1500 1500 1500 1500 1500 1500 1500 1500 1500 1500 1500 1500 1500 1500 1500 1500 1500 1500 1500 1500 1500 1500 1500 1500 1500 1500 1500 1500 1500 1500 1500 1500 1500 1500 1500 1500 1500 1500 1500 1500 1500 1500 1500 1500 1500 1500 1500 1500 1500 1500 1500 1500 1500 1500 1500 1500 1500 1500 1500 1500 1500 1500 1500 1500 1500 1500 1500 1500 1500 1500 1500 1500 1500 1500 1500 1500 1500 1500 1500 1500 1500 1500 1500 1500 1500 1500 1500 1500 1500 1500 1500 1500 1500 1500 1500 1500 1500 1500 1500 1500 1500 1500 1500 1500 1500 1500 1500 1500 1500 1500 1500 1500 1500 1500 1500 1500 1500 1500 1500 1500 1500 1500 1500 1500 11 8 20 21 3 4 1 30 37 2 11 6 20 38 13 28 22 39 2 6 2 21 8 9 38 9 17 8 31 10 32 5 25 3 4 30 4 15 31 35 39 38 23 27 6 3 37 9 24 19 16 31 39 16 28 2 6 19 14 35 32 15 19 8 9 3 2 32 32 6 26 38 18 25 21 32 22 2 35 33 15 17 39 8 6 2 5 32 15 22 12 31 4 26 23 21 25 30 31 2 20 37 14 29 18 22 8 37 32 22 5 13 38 26 14 22 22 29 18 23 3 12 9 35 11 2 9 5 22 20 26 37 39 21 7 11 25 34 32 20 37 2 20 0 5 30 25 5 18 0 

1500 1500 1500 1500 1500 1500 1500 1500 1500 1500 1500 1500 1500 1500 1500 1500 1500 1500 1500 1500 1500 1500 1500 1500 1500 1500 1500 1500 1500 1500 1500 1500 1500 1500 1500 1500 1500 1500 1500 1500 1500 1500 1500 1500 1500 1500 1500 1500 1500 1500 1500 1500 1500 1500 1500 1500 1500 1500 1500 1500 1500 1500 1500 1500 1500 1500 1500 1500 1500 1500 1500 1500 1500 1500 1500 1500 1500 1500 1500 1500 1500 1500 1500 1500 1500 1500 1500 1500 1500 1500 1500 1500 1500 1500 1500 1500 1500 1500 1500 1500 1500 1500 1500 1500 1500 1500 1500 1500 1500 1500 1500 1500 1500 1500 1500 1500 1500 1500 1500 1500 1500 1500 1500 1500 1500 1500 1500 1500 1500 1500 1500 1500 1500 1500 1500 1500 1500 1500 1500 1500 1500 1500 1500 1500 1500 1500 1500 1500 1500 1500 34 5 29 7 18 1 33 5 27 11 36 12 7 13 20 35 18 30 25 9 39 18 15 1 22 8 36 28 21 20 11 26 20 34 4 6 25 21 1 1 29 8 20 28 4 24 11 19 28 14 24 28 23 16 28 24 4 13 35 22 29 37 9 21 26 13 23 34 37 26 9 37 18 24 23 2 13 22 27 19 14 10 24 17 31 16 31 18 13 10 38 16 10 28 21 28 31 28 13 31 5 39 30 12 4 30 27 19 15 5 29 28 15 21 9 11 13 11 8 34 29 32 26 20 15 15 35 21 23 30 25 21 30 38 37 39 12 26 28 30 24 10 5 39 35 33 10 12 11 28 

1500 1500 1500 1500 1500 1500 1500 1500 1500 1500 1500 1500 1500 1500 1500 1500 1500 1500 1500 1500 1500 1500 1500 1500 1500 1500 1500 1500 1500 1500 1500 1500 1500 1500 1500 1500 1500 1500 1500 1500 1500 1500 1500 1500 1500 1500 1500 1500 1500 1500 1500 1500 1500 1500 1500 1500 1500 1500 1500 1500 1500 1500 1500 1500 1500 1500 1500 1500 1500 1500 1500 1500 1500 1500 1500 1500 1500 1500 1500 1500 1500 1500 1500 1500 1500 1500 1500 1500 1500 1500 1500 1500 1500 1500 1500 1500 1500 1500 1500 1500 1500 1500 1500 1500 1500 1500 1500 1500 1500 1500 1500 1500 1500 1500 1500 1500 1500 1500 1500 1500 1500 1500 1500 1500 1500 1500 1500 1500 1500 1500 1500 1500 1500 1500 1500 1500 1500 1500 1500 1500 1500 1500 1500 1500 1500 1500 1500 1500 1500 1500 29 23 10 28 14 16 4 22 28 12 27 31 25 14 38 27 38 30 0 13 22 25 26 20 31 13 35 12 30 4 10 35 31 31 34 25 18 37 15 5 2 1 27 23 11 30 12 28 20 16 36 4 37 5 34 16 16 33 8 29 4 8 22 35 31 32 38 9 34 34 6 29 13 26 22 21 15 7 27 36 4 8 35 20 17 9 35 33 31 5 9 16 21 3 0 6 32 3 36 3 22 25 38 39 20 16 26 35 33 32 8 9 20 15 14 39 25 28 36 31 22 29 32 12 0 30 38 16 17 13 15 7 31 2 17 24 4 20 16 20 11 2 35 32 37 34 23 19 33 22 

1500 1500 1500 1500 1500 1500 1500 1500 1500 1500 1500 1500 1500 1500 1500 1500 1500 1500 1500 1500 1500 1500 1500 1500 1500 1500 1500 1500 1500 1500 1500 1500 1500 1500 1500 1500 1500 1500 1500 1500 1500 1500 1500 1500 1500 1500 1500 1500 1500 1500 1500 1500 1500 1500 1500 1500 1500 1500 1500 1500 1500 1500 1500 1500 1500 1500 1500 1500 1500 1500 1500 1500 1500 1500 1500 1500 1500 1500 1500 1500 1500 1500 1500 1500 1500 1500 1500 1500 1500 1500 1500 1500 1500 1500 1500 1500 1500 1500 1500 1500 1500 1500 1500 1500 1500 1500 1500 1500 1500 1500 1500 1500 1500 1500 1500 1500 1500 1500 1500 1500 1500 1500 1500 1500 1500 1500 1500 1500 1500 1500 1500 1500 1500 1500 1500 1500 1500 1500 1500 1500 1500 1500 1500 1500 1500 1500 1500 1500 1500 1500 7 37 8 1 37 23 4 28 32 39 0 34 38 35 1 19 29 10 34 28 19 28 14 8 5 36 16 0 10 20 4 38 16 15 24 28 8 0 4 26 12 39 1 8 6 10 15 20 12 13 13 30 15 16 26 3 3 26 2 28 2 23 34 22 39 19 22 32 6 6 5 20 35 24 22 37 31 7 20 9 29 29 32 4 36 36 11 33 16 22 32 36 30 6 1 16 3 8 1 36 37 17 22 12 38 14 6 2 27 13 36 2 14 36 37 35 32 0 26 37 12 2 15 5 34 33 39 33 4 35 10 29 2 24 20 32 4 0 35 36 21 14 3 18 2 10 9 34 26 29 

1500 1500 1500 1500 1500 1500 1500 1500 1500 1500 1500 1500 1500 1500 1500 1500 1500 1500 1500 1500 1500 1500 1500 1500 1500 1500 1500 1500 1500 1500 1500 1500 1500 1500 1500 1500 1500 1500 1500 1500 1500 1500 1500 1500 1500 1500 1500 1500 1500 1500 1500 1500 1500 1500 1500 1500 1500 1500 1500 1500 1500 1500 1500 1500 1500 1500 1500 1500 1500 1500 1500 1500 1500 1500 1500 1500 1500 1500 1500 1500 1500 1500 1500 1500 1500 1500 1500 1500 1500 1500 1500 1500 1500 1500 1500 1500 1500 1500 1500 1500 1500 1500 1500 1500 1500 1500 1500 1500 1500 1500 1500 1500 1500 1500 1500 1500 1500 1500 1500 1500 1500 1500 1500 1500 1500 1500 1500 1500 1500 1500 1500 1500 1500 1500 1500 1500 1500 1500 1500 1500 1500 1500 1500 1500 1500 1500 1500 1500 1500 1500 22 18 30 11 39 29 26 2 3 1 17 33 24 15 36 29 16 36 24 33 0 4 25 34 4 17 22 8 39 30 14 29 31 2 31 6 31 15 15 17 27 27 14 35 15 2 24 39 12 21 13 34 7 27 32 27 3 37 2 33 1 1 39 31 26 31 20 36 14 25 36 2 12 33 33 27 4 2 4 30 9 2 39 35 18 20 22 23 23 25 14 19 31 31 39 30 27 31 35 31 36 22 37 23 16 30 32 26 21 9 2 4 29 25 20 21 19 24 32 28 37 37 16 20 8 17 39 15 1 19 0 0 11 20 12 20 12 1 4 32 36 10 24 35 4 39 0 3 4 38 

1500 1500 1500 1500 1500 1500 1500 1500 1500 1500 1500 1500 1500 1500 1500 1500 1500 1500 1500 1500 1500 1500 1500 1500 1500 1500 1500 1500 1500 1500 1500 1500 1500 1500 1500 1500 1500 1500 1500 1500 1500 1500 1500 1500 1500 1500 1500 1500 1500 1500 1500 1500 1500 1500 1500 1500 1500 1500 1500 1500 1500 1500 1500 1500 1500 1500 1500 1500 1500 1500 1500 1500 1500 1500 1500 1500 1500 1500 1500 1500 1500 1500 1500 1500 1500 1500 1500 1500 1500 1500 1500 1500 1500 1500 1500 1500 1500 1500 1500 1500 1500 1500 1500 1500 1500 1500 1500 1500 1500 1500 1500 1500 1500 1500 1500 1500 1500 1500 1500 1500 1500 1500 1500 1500 1500 1500 1500 1500 1500 1500 1500 1500 1500 1500 1500 1500 1500 1500 1500 1500 1500 1500 1500 1500 1500 1500 1500 1500 1500 1500 37 26 0 18 32 31 21 32 27 13 0 24 39 3 23 5 8 20 27 26 13 20 22 14 9 1 11 6 13 37 39 28 23 30 5 29 11 20 5 4 35 19 20 11 0 31 23 32 1 38 34 29 23 33 20 13 10 12 3 39 29 21 20 11 13 8 34 11 11 26 14 13 14 7 11 8 17 17 12 4 8 16 33 18 17 32 35 6 30 13 15 4 4 20 31 13 13 33 8 16 2 31 35 18 34 23 27 8 2 16 10 24 37 21 37 19 20 39 23 14 6 28 24 13 3 2 7 20 34 35 35 33 32 33 20 13 20 30 15 5 32 4 16 39 31 34 33 34 7 0 

1500 1500 1500 1500 1500 1500 1500 1500 1500 1500 1500 1500 1500 1500 1500 1500 1500 1500 1500 1500 1500 1500 1500 1500 1500 1500 1500 1500 1500 1500 1500 1500 1500 1500 1500 1500 1500 1500 1500 1500 1500 1500 1500 1500 1500 1500 1500 1500 1500 1500 1500 1500 1500 1500 1500 1500 1500 1500 1500 1500 1500 1500 1500 1500 1500 1500 1500 1500 1500 1500 1500 1500 1500 1500 1500 1500 1500 1500 1500 1500 1500 1500 1500 1500 1500 1500 1500 1500 1500 1500 1500 1500 1500 1500 1500 1500 1500 1500 1500 1500 1500 1500 1500 1500 1500 1500 1500 1500 1500 1500 1500 1500 1500 1500 1500 1500 1500 1500 1500 1500 1500 1500 1500 1500 1500 1500 1500 1500 1500 1500 1500 1500 1500 1500 1500 1500 1500 1500 1500 1500 1500 1500 1500 1500 1500 1500 1500 1500 1500 1500 31 23 28 18 18 11 0 39 14 16 13 34 36 10 13 33 16 0 16 14 0 31 23 25 39 12 18 7 33 10 19 32 14 14 29 33 33 16 5 10 9 31 39 28 39 17 4 18 23 19 17 17 22 18 1 32 24 0 4 36 30 20 0 5 35 27 29 15 4 2 8 22 11 38 12 32 11 32 22 20 16 38 20 9 8 6 39 36 6 38 35 7 6 17 26 6 32 39 34 34 38 24 23 29 32 9 13 19 19 19 16 15 19 9 20 10 11 25 30 9 11 12 30 28 3 10 30 15 35 19 27 14 2 5 6 35 18 4 36 1 6 30 20 38 18 23 6 31 21 15 

1500 1500 1500 1500 1500 1500 1500 1500 1500 1500 1500 1500 1500 1500 1500 1500 1500 1500 1500 1500 1500 1500 1500 1500 1500 1500 1500 1500 1500 1500 1500 1500 1500 1500 1500 1500 1500 1500 1500 1500 1500 1500 1500 1500 1500 1500 1500 1500 1500 1500 1500 1500 1500 1500 1500 1500 1500 1500 1500 1500 1500 1500 1500 1500 1500 1500 1500 1500 1500 1500 1500 1500 1500 1500 1500 1500 1500 1500 1500 1500 1500 1500 1500 1500 1500 1500 1500 1500 1500 1500 1500 1500 1500 1500 1500 1500 1500 1500 1500 1500 1500 1500 1500 1500 1500 1500 1500 1500 1500 1500 1500 1500 1500 1500 1500 1500 1500 1500 1500 1500 1500 1500 1500 1500 1500 1500 1500 1500 1500 1500 1500 1500 1500 1500 1500 1500 1500 1500 1500 1500 1500 1500 1500 1500 1500 1500 1500 1500 1500 1500 18 20 32 32 27 30 8 18 24 11 22 22 12 9 5 14 12 2 3 7 20 38 14 2 2 9 16 31 5 10 28 18 14 1 20 31 18 29 27 15 37 15 24 22 21 9 22 15 0 18 22 18 18 18 36 3 4 26 14 5 3 9 17 2 17 7 17 15 34 4 13 13 16 39 9 30 27 3 23 12 9 23 16 23 33 10 19 25 14 25 33 2 4 24 21 16 32 4 3 29 34 12 4 32 23 32 18 29 7 10 6 24 28 21 13 24 27 24 10 39 20 17 31 10 38 11 13 30 1 15 11 33 2 30 20 13 33 9 25 22 29 17 0 10 9 37 7 32 1 5 

